3.27715
1.78866
3.32786
1.86427
3.25882
1.89091
3.06055
1.86389
2.73547
1.78338
2.29875
1.65465
1.77711
1.48761
1.20568
1.29547
0.623307
1.09293
0.0674831
0.894279
-0.430353
0.711628
-0.848087
0.55372
-1.17437
0.425427
-1.40816
0.327916
-1.55684
0.259333
-1.63337
0.21577
-1.65345
0.192277
-1.63291
0.183734
-1.58597
0.185473
-1.52416
0.193629
-1.45612
0.20526
-1.3877
0.218298
-1.32253
0.231408
-1.2625
0.24381
-1.20841
0.255114
-1.16032
0.265179
-1.1179
0.274012
-1.08067
0.281692
-1.04809
0.288332
-1.01966
0.294049
-0.994931
0.298952
-0.973528
0.303136
-0.955149
0.306682
-0.939558
0.309655
-0.926573
0.312106
-0.916056
0.314077
-0.907898
0.3156
-0.901992
0.316706
-0.898215
0.317421
-0.896417
0.31777
-0.896417
0.31777
3.17211
1.80146
3.15293
1.85006
3.01161
1.84725
2.7456
1.79096
2.36472
1.68419
1.89078
1.5349
1.35529
1.355
0.795315
1.15872
0.24851
0.960697
-0.251803
0.77405
-0.68049
0.608939
-1.02274
0.471752
-1.27428
0.365016
-1.43992
0.287904
-1.53099
0.237141
-1.56241
0.20804
-1.54997
0.195451
-1.5083
0.194495
-1.44957
0.201016
-1.38305
0.211774
-1.31518
0.224443
-1.24999
0.237486
-1.18968
0.249986
-1.1352
0.261462
-1.08669
0.271722
-1.04386
0.280746
-1.00623
0.288604
-0.973239
0.295407
-0.944364
0.301275
-0.919138
0.306322
-0.897163
0.31065
-0.878115
0.314346
-0.861732
0.317479
-0.847813
0.320108
-0.836206
0.322276
-0.826797
0.32402
-0.819493
0.325368
-0.814207
0.326345
-0.810831
0.326977
-0.809227
0.327284
-0.809227
0.327284
3.03626
1.79969
2.94975
1.82084
2.74268
1.78959
2.41944
1.7066
1.99658
1.57757
1.50127
1.41275
0.967973
1.22546
0.433747
1.03033
-0.0667499
0.841234
-0.505594
0.669672
-0.864435
0.523608
-1.13544
0.40709
-1.32041
0.320537
-1.42858
0.261517
-1.47375
0.225772
-1.47143
0.208237
-1.43656
0.203874
-1.38195
0.208243
-1.3176
0.217783
-1.2506
0.229871
-1.18551
0.242733
-1.12492
0.255278
-1.06998
0.26691
-1.02098
0.277369
-0.977675
0.286595
-0.939587
0.294642
-0.906159
0.301617
-0.876848
0.307639
-0.851164
0.312828
-0.828691
0.31729
-0.809082
0.321118
-0.792057
0.324387
-0.777391
0.327161
-0.764914
0.329489
-0.754498
0.331411
-0.746046
0.332956
-0.739483
0.33415
-0.734734
0.335016
-0.731705
0.335574
-0.730269
0.335845
-0.730269
0.335845
2.87374
1.784
2.72449
1.77807
2.45998
1.72022
2.09118
1.61378
1.64037
1.4669
1.13855
1.29161
0.621322
1.10205
0.123958
0.912566
-0.323243
0.735797
-0.69846
0.581273
-0.990065
0.454691
-1.19644
0.35792
-1.32424
0.289605
-1.3857
0.246121
-1.39574
0.222634
-1.36945
0.214034
-1.32022
0.215625
-1.25884
0.22351
-1.19317
0.234741
-1.12838
0.247264
-1.06753
0.259776
-1.01209
0.271537
-0.962506
0.282192
-0.918629
0.291631
-0.880011
0.299883
-0.846095
0.307043
-0.816323
0.313229
-0.790187
0.318563
-0.76725
0.323158
-0.747145
0.327109
-0.729572
0.3305
-0.714292
0.333397
-0.701111
0.335857
-0.689884
0.337921
-0.680501
0.339626
-0.672883
0.340997
-0.666965
0.342056
-0.662683
0.342823
-0.659956
0.343317
-0.658667
0.343557
-0.658667
0.343557
2.68942
1.75545
2.48374
1.72358
2.17136
1.64165
1.76916
1.5155
1.30391
1.35534
0.808806
1.17442
0.31889
0.987107
-0.133783
0.806913
-0.524183
0.64483
-0.836795
0.508264
-1.06621
0.400719
-1.21601
0.322151
-1.29637
0.269805
-1.32122
0.239266
-1.30554
0.225476
-1.26323
0.223537
-1.20585
0.229227
-1.1421
0.239243
-1.07791
0.251211
-1.0169
0.263576
-0.960921
0.275414
-0.910669
0.286255
-0.86612
0.295917
-0.826879
0.304389
-0.792402
0.31175
-0.76212
0.318114
-0.735508
0.323604
-0.712109
0.328335
-0.691537
0.332409
-0.673475
0.335914
-0.657665
0.338922
-0.643896
0.341493
-0.632006
0.343676
-0.621868
0.34551
-0.613387
0.347024
-0.606497
0.348241
-0.601143
0.349181
-0.597271
0.349861
-0.594808
0.350297
-0.593647
0.350509
-0.593647
0.350509
2.48864
1.71545
2.23412
1.65947
1.88414
1.5565
1.46056
1.41463
0.993237
1.24568
0.515993
1.06356
0.0618387
0.882287
-0.341455
0.714097
-0.674565
0.568087
-0.928046
0.449524
-1.10191
0.359905
-1.20376
0.297601
-1.24604
0.258844
-1.24329
0.23879
-1.20971
0.232436
-1.15762
0.235265
-1.09661
0.243605
-1.03345
0.254729
-0.972445
0.266782
-0.915944
0.27862
-0.864953
0.289619
-0.819627
0.299504
-0.779657
0.308211
-0.744527
0.315792
-0.713666
0.322352
-0.686533
0.328011
-0.66265
0.332889
-0.641614
0.33709
-0.623088
0.340709
-0.606797
0.343822
-0.592516
0.346494
-0.580066
0.348778
-0.569302
0.350718
-0.560116
0.352348
-0.552426
0.353693
-0.546175
0.354774
-0.541316
0.355608
-0.537805
0.35621
-0.535574
0.356597
-0.534524
0.356784
-0.534524
0.356784
2.27691
1.66569
1.98197
1.58794
1.60484
1.46732
1.17119
1.31379
0.712576
1.14028
0.261999
0.96081
-0.150719
0.788566
-0.502747
0.634197
-0.780496
0.504791
-0.980026
0.40358
-1.10578
0.330321
-1.16821
0.282155
-1.18095
0.254662
-1.15824
0.242869
-1.11303
0.242031
-1.05582
0.248115
-0.994318
0.25801
-0.933616
0.269522
-0.876674
0.281237
-0.824904
0.292343
-0.778704
0.302441
-0.737892
0.311393
-0.702002
0.319213
-0.670473
0.325989
-0.642754
0.331836
-0.618346
0.336873
-0.596825
0.341212
-0.577836
0.344949
-0.561087
0.348167
-0.546337
0.350935
-0.533392
0.353311
-0.522095
0.355343
-0.512319
0.357067
-0.50397
0.358516
-0.496975
0.359711
-0.491286
0.360671
-0.486864
0.361412
-0.483669
0.361945
-0.481643
0.362287
-0.480692
0.362452
-0.480692
0.362452
2.0596
1.608
1.73307
1.51124
1.33889
1.37652
0.905356
1.21526
0.46436
1.04098
0.0468782
0.867343
-0.321283
0.706318
-0.622499
0.566768
-0.8486
0.45379
-1.00037
0.368774
-1.08564
0.310047
-1.11663
0.27387
-1.10724
0.255486
-1.07083
0.250024
-1.01879
0.25313
-0.959793
0.261298
-0.899854
0.271953
-0.842654
0.283368
-0.790117
0.294494
-0.742965
0.304774
-0.701198
0.313972
-0.664432
0.322048
-0.632133
0.329061
-0.603744
0.335116
-0.57875
0.340332
-0.556705
0.344822
-0.537234
0.348687
-0.520026
0.352015
-0.504826
0.354879
-0.491425
0.357343
-0.479651
0.359457
-0.469366
0.361264
-0.460459
0.362798
-0.452846
0.364086
-0.446465
0.365148
-0.441273
0.366001
-0.437236
0.366658
-0.434321
0.367131
-0.432474
0.367432
-0.431611
0.367577
-0.431611
0.367577
1.84174
1.54429
1.4924
1.43151
1.09055
1.28623
0.665876
1.12088
0.24942
0.949108
-0.130813
0.783792
-0.453507
0.635413
-0.706178
0.510978
-0.88552
0.413707
-0.996144
0.343399
-1.04824
0.297278
-1.0549
0.27104
-1.02959
0.259848
-0.984412
0.259099
-0.929069
0.264905
-0.870563
0.274281
-0.813426
0.285141
-0.760214
0.296151
-0.712072
0.306554
-0.669247
0.315985
-0.631484
0.324326
-0.598299
0.331596
-0.569142
0.337883
-0.543484
0.343299
-0.520859
0.347957
-0.500869
0.351963
-0.483184
0.35541
-0.467532
0.358377
-0.453689
0.360929
-0.441471
0.363123
-0.430727
0.365006
-0.421334
0.366613
-0.413194
0.367977
-0.406232
0.369122
-0.400393
0.370066
-0.395639
0.370823
-0.391944
0.371406
-0.389276
0.371824
-0.387589
0.37209
-0.386802
0.372218
-0.386802
0.372218
1.6278
1.47643
1.26404
1.35072
0.862855
1.19827
0.454183
1.0321
0.0672204
0.865514
-0.273645
0.710311
-0.551756
0.575327
-0.759444
0.465736
-0.897548
0.383065
-0.97359
0.325807
-0.999223
0.290391
-0.987633
0.272222
-0.951417
0.266575
-0.901208
0.269225
-0.845071
0.276772
-0.788505
0.286724
-0.734827
0.297416
-0.685717
0.307843
-0.641759
0.31747
-0.602881
0.326075
-0.568686
0.333618
-0.538648
0.340159
-0.512232
0.345797
-0.488954
0.350645
-0.468392
0.35481
-0.450195
0.358389
-0.434073
0.361467
-0.419785
0.364113
-0.407135
0.366389
-0.395959
0.368344
-0.386124
0.37002
-0.37752
0.37145
-0.370058
0.372663
-0.363672
0.37368
-0.358314
0.374519
-0.353949
0.375191
-0.350556
0.375707
-0.348107
0.376076
-0.346561
0.376311
-0.345843
0.376423
-0.345843
0.376423
1.42157
1.4062
1.0511
1.27061
0.65767
1.11412
0.270497
0.949903
-0.0838444
0.790601
-0.384949
0.646672
-0.620723
0.525259
-0.787796
0.429812
-0.890373
0.360394
-0.93802
0.31448
-0.943079
0.287981
-0.918297
0.276233
-0.875092
0.274762
-0.822588
0.279771
-0.767342
0.288343
-0.713567
0.298428
-0.663606
0.30872
-0.618484
0.318472
-0.578391
0.327321
-0.543059
0.335146
-0.512016
0.341961
-0.484734
0.347846
-0.460713
0.352907
-0.43951
0.357251
-0.420752
0.36098
-0.404126
0.364181
-0.389377
0.36693
-0.376291
0.369293
-0.364693
0.371323
-0.354438
0.373065
-0.345407
0.374557
-0.3375
0.375829
-0.33064
0.376907
-0.324766
0.37781
-0.319834
0.378554
-0.315815
0.37915
-0.31269
0.379607
-0.310437
0.379933
-0.309016
0.380139
-0.308358
0.380237
-0.308358
0.380237
1.22609
1.3352
0.855714
1.19264
0.475811
1.03489
0.114042
0.874914
-0.206158
0.724404
-0.468486
0.592352
-0.665107
0.48423
-0.796333
0.40193
-0.868945
0.344301
-0.893792
0.308073
-0.883291
0.288875
-0.849376
0.282139
-0.802149
0.283729
-0.749278
0.290298
-0.69599
0.299374
-0.645431
0.309297
-0.599191
0.319052
-0.557813
0.328098
-0.521227
0.336198
-0.489048
0.343302
-0.460779
0.349457
-0.435911
0.354756
-0.413983
0.359303
-0.394598
0.363201
-0.377422
0.366542
-0.362178
0.369407
-0.348638
0.371866
-0.336613
0.373976
-0.325947
0.375787
-0.316508
0.377339
-0.30819
0.378666
-0.300904
0.379798
-0.294578
0.380755
-0.289158
0.381557
-0.284606
0.382216
-0.280895
0.382744
-0.278009
0.383148
-0.27593
0.383435
-0.27462
0.383616
-0.274015
0.383701
-0.274015
0.383701
1.04365
1.26485
0.679136
1.11798
0.31719
0.961351
-0.0167186
0.807398
-0.302601
0.666667
-0.52816
0.546627
-0.689385
0.451176
-0.789596
0.380846
-0.837428
0.333523
-0.844363
0.305433
-0.822447
0.292116
-0.782572
0.289217
-0.733499
0.292987
-0.68156
0.300513
-0.630844
0.309728
-0.583642
0.319299
-0.540968
0.328451
-0.50303
0.336797
-0.469588
0.344193
-0.440199
0.350639
-0.414367
0.356201
-0.391615
0.360976
-0.371524
0.365066
-0.353735
0.368567
-0.337952
0.371564
-0.323928
0.37413
-0.311457
0.37633
-0.300372
0.378215
-0.290532
0.379829
-0.281818
0.381212
-0.274134
0.382393
-0.2674
0.383398
-0.26155
0.384247
-0.256536
0.384958
-0.252323
0.385542
-0.248887
0.386008
-0.246215
0.386364
-0.24429
0.386617
-0.24308
0.386775
-0.242523
0.386849
-0.242523
0.386849
0.87577
1.19631
0.521821
1.0475
0.181
0.89396
-0.123857
0.747339
-0.376304
0.616914
-0.567805
0.508653
-0.697645
0.425018
-0.771501
0.365396
-0.799212
0.326947
-0.792391
0.305598
-0.762397
0.296948
-0.718973
0.29693
-0.669595
0.302193
-0.619413
0.310234
-0.571567
0.31934
-0.527678
0.328449
-0.488334
0.336975
-0.453511
0.344649
-0.422868
0.351396
-0.395941
0.357244
-0.372251
0.362274
-0.351359
0.366582
-0.332883
0.370265
-0.316502
0.373413
-0.301949
0.376103
-0.289004
0.378403
-0.277482
0.380371
-0.267232
0.382055
-0.258126
0.383495
-0.250059
0.384725
-0.24294
0.385774
-0.236698
0.386666
-0.231274
0.387419
-0.226622
0.388048
-0.222712
0.388564
-0.219522
0.388975
-0.217041
0.389289
-0.215254
0.38951
-0.214133
0.389648
-0.213619
0.389712
-0.213619
0.389712
0.723307
1.13052
0.383563
0.98182
0.0658902
0.83291
-0.209769
0.694497
-0.43045
0.574524
-0.591017
0.477533
-0.6935
0.404716
-0.745321
0.35453
-0.756984
0.323622
-0.739848
0.307787
-0.704398
0.302786
-0.659209
0.304883
-0.610575
0.31112
-0.562628
0.31936
-0.517739
0.328195
-0.477009
0.336785
-0.440719
0.344692
-0.408693
0.351735
-0.380533
0.357887
-0.355777
0.363197
-0.333974
0.36775
-0.314719
0.371641
-0.297668
0.374962
-0.282532
0.377794
-0.269069
0.38021
-0.257082
0.382273
-0.246404
0.384033
-0.236898
0.385537
-0.228447
0.38682
-0.220956
0.387914
-0.214343
0.388846
-0.208542
0.389636
-0.203498
0.390302
-0.199171
0.390857
-0.195532
0.391312
-0.192562
0.391674
-0.190253
0.391949
-0.188591
0.392143
-0.187549
0.392262
-0.187073
0.392317
-0.187073
0.392317
0.586531
1.06818
0.263634
0.921293
-0.0298575
0.778173
-0.276999
0.648466
-0.468119
0.53879
-0.601059
0.452368
-0.680052
0.389303
-0.713721
0.347329
-0.712806
0.322755
-0.688145
0.311379
-0.649253
0.30919
-0.603582
0.312802
-0.556369
0.319622
-0.510892
0.327842
-0.468908
0.336307
-0.431123
0.344358
-0.397603
0.351671
-0.368073
0.35813
-0.342114
0.363741
-0.319274
0.368567
-0.299135
0.372693
-0.281327
0.376212
-0.265538
0.379208
-0.251505
0.381759
-0.239011
0.383931
-0.227877
0.38578
-0.217951
0.387355
-0.209109
0.388697
-0.201244
0.38984
-0.194268
0.390812
-0.188108
0.391637
-0.182701
0.392336
-0.177999
0.392924
-0.173963
0.393413
-0.170568
0.393813
-0.167796
0.394131
-0.165641
0.394371
-0.16409
0.394539
-0.16312
0.394642
-0.162678
0.394689
-0.162678
0.394689
0.465227
1.0098
0.160919
0.866076
-0.108179
0.729549
-0.328098
0.608733
-0.492183
0.50897
-0.600806
0.432296
-0.659894
0.377911
-0.678817
0.343004
-0.668219
0.323699
-0.638249
0.315889
-0.597427
0.315837
-0.552162
0.320498
-0.506776
0.327618
-0.463839
0.33567
-0.424623
0.343712
-0.389545
0.351227
-0.358519
0.35798
-0.331212
0.363904
-0.3072
0.369026
-0.286055
0.373416
-0.267388
0.37716
-0.250862
0.380346
-0.236192
0.383052
-0.22314
0.385351
-0.21151
0.387303
-0.201136
0.388961
-0.191883
0.39037
-0.183634
0.391567
-0.176294
0.392583
-0.169781
0.393445
-0.164026
0.394175
-0.158974
0.394792
-0.154578
0.395309
-0.150805
0.395739
-0.147628
0.396089
-0.145035
0.396367
-0.143018
0.396576
-0.141568
0.396722
-0.140663
0.39681
-0.140251
0.396849
-0.140251
0.396849
0.358796
0.955662
0.0740443
0.816152
-0.171102
0.686713
-0.365518
0.574722
-0.505239
0.484324
-0.592725
0.416521
-0.635145
0.369776
-0.642246
0.340895
-0.624336
0.325934
-0.590783
0.32095
-0.549139
0.322495
-0.504873
0.327853
-0.461524
0.335069
-0.421087
0.342858
-0.38446
0.350453
-0.351843
0.357451
-0.323052
0.363683
-0.297722
0.369119
-0.275436
0.373799
-0.255792
0.377798
-0.23843
0.3812
-0.223042
0.384087
-0.209368
0.386534
-0.197191
0.388606
-0.186331
0.390362
-0.176638
0.391848
-0.167987
0.393108
-0.160271
0.394174
-0.153401
0.395077
-0.147303
0.39584
-0.141913
0.396484
-0.13718
0.397026
-0.13306
0.39748
-0.129522
0.397856
-0.126543
0.398162
-0.124111
0.398404
-0.122219
0.398585
-0.120859
0.398709
-0.120011
0.398784
-0.119627
0.398817
-0.119627
0.398817
0.266363
0.905917
0.00148327
0.771371
-0.220641
0.649255
-0.391536
0.545829
-0.509574
0.464147
-0.578887
0.404322
-0.607499
0.364241
-0.605241
0.340458
-0.58193
0.329053
-0.546114
0.326286
-0.504438
0.329004
-0.461541
0.334792
-0.420305
0.341962
-0.382263
0.349433
-0.348023
0.356578
-0.317631
0.363087
-0.290837
0.368839
-0.267264
0.373831
-0.24651
0.378113
-0.228199
0.381761
-0.211996
0.384856
-0.197621
0.387475
-0.184835
0.389689
-0.173439
0.391559
-0.163269
0.393137
-0.154186
0.39447
-0.146074
0.395595
-0.138836
0.396543
-0.13239
0.397344
-0.126665
0.398018
-0.121603
0.398585
-0.117157
0.39906
-0.113286
0.399457
-0.10996
0.399784
-0.107159
0.40005
-0.104872
0.400258
-0.103092
0.400414
-0.101814
0.40052
-0.101019
0.400583
-0.10066
0.40061
-0.10066
0.40061
0.186862
0.860569
-0.0583492
0.731486
-0.258732
0.616716
-0.408216
0.521456
-0.507162
0.447782
-0.560999
0.395065
-0.578281
0.360752
-0.568708
0.341254
-0.54151
0.332738
-0.504423
0.331696
-0.463261
0.335256
-0.421943
0.34128
-0.382806
0.348308
-0.347013
0.35543
-0.314954
0.362138
-0.286565
0.368188
-0.261554
0.373501
-0.239543
0.378091
-0.220151
0.382015
-0.203023
0.385347
-0.187854
0.388166
-0.174382
0.390545
-0.162389
0.39255
-0.151693
0.394237
-0.142141
0.395657
-0.133605
0.39685
-0.125978
0.397854
-0.11917
0.398697
-0.113104
0.399405
-0.107715
0.399999
-0.102949
0.400496
-0.0987614
0.400911
-0.0951145
0.401255
-0.0919806
0.401539
-0.0893406
0.401768
-0.087184
0.401947
-0.0855062
0.40208
-0.0843018
0.402169
-0.0835533
0.402221
-0.0832168
0.402243
-0.0832168
0.402243
0.119121
0.819519
-0.107027
0.696184
-0.287172
0.588617
-0.417384
0.501029
-0.499674
0.434635
-0.540437
0.388198
-0.548506
0.358845
-0.533292
0.34293
-0.503389
0.336751
-0.46576
0.337037
-0.425472
0.341184
-0.385829
0.347301
-0.348719
0.354126
-0.315012
0.36089
-0.284932
0.367178
-0.25834
0.372804
-0.23492
0.377717
-0.214301
0.381944
-0.196119
0.385544
-0.180047
0.388593
-0.165799
0.391164
-0.153135
0.393327
-0.141852
0.395143
-0.131783
0.396667
-0.122785
0.397943
-0.11474
0.399012
-0.10755
0.399907
-0.101128
0.400654
-0.0954047
0.401279
-0.0903189
0.4018
-0.0858199
0.402234
-0.0818653
0.402595
-0.0784206
0.402893
-0.0754597
0.403137
-0.0729649
0.403333
-0.0709264
0.403485
-0.0693405
0.403597
-0.0682027
0.403671
-0.0674965
0.403713
-0.0671803
0.40373
-0.0671803
0.40373
0.0619211
0.782594
-0.146062
0.66511
-0.307597
0.56448
-0.420625
0.484011
-0.488496
0.424179
-0.518297
0.383254
-0.518933
0.358144
-0.499431
0.345209
-0.467735
0.340909
-0.430087
0.342208
-0.390897
0.346749
-0.352946
0.352859
-0.317754
0.359442
-0.285963
0.365851
-0.257673
0.371744
-0.23269
0.37698
-0.210689
0.381529
-0.191309
0.385427
-0.174207
0.388737
-0.159076
0.391531
-0.145652
0.393879
-0.13371
0.395848
-0.123064
0.397495
-0.113557
0.398871
-0.105057
0.400019
-0.0974546
0.400975
-0.0906562
0.401771
-0.084583
0.402433
-0.0791684
0.402982
-0.0743558
0.403438
-0.0700973
0.403815
-0.0663531
0.404126
-0.0630911
0.404382
-0.0602865
0.40459
-0.0579228
0.404757
-0.055991
0.404885
-0.0544881
0.404978
-0.0534104
0.405038
-0.0527426
0.405071
-0.0524445
0.405084
-0.0524445
0.405084
0.0140508
0.749564
-0.176865
0.637891
-0.321464
0.543843
-0.419292
0.469914
-0.474765
0.415949
-0.49543
0.379836
-0.490119
0.358341
-0.467409
0.347877
-0.434612
0.345081
-0.39731
0.347143
-0.359341
0.351933
-0.323046
0.357965
-0.289645
0.364288
-0.259601
0.370352
-0.232923
0.375878
-0.20938
0.380755
-0.188645
0.384975
-0.17037
0.388577
-0.154232
0.391625
-0.139941
0.39419
-0.127253
0.396338
-0.115958
0.398132
-0.105883
0.399627
-0.0968812
0.40087
-0.0888294
0.401902
-0.0816246
0.402757
-0.0751795
0.403464
-0.0694203
0.404048
-0.0642841
0.404529
-0.0597177
0.404926
-0.0556762
0.405252
-0.0521222
0.405518
-0.049025
0.405736
-0.0463615
0.405912
-0.0441162
0.406051
-0.0422809
0.406158
-0.040853
0.406234
-0.0398295
0.406282
-0.0391963
0.406307
-0.0389147
0.406315
-0.0389147
0.406315
-0.025657
0.720165
-0.200727
0.614152
-0.33005
0.526272
-0.414526
0.458299
-0.459399
0.409549
-0.472492
0.377616
-0.462456
0.359189
-0.437393
0.350768
-0.40401
0.34917
-0.367301
0.351801
-0.330603
0.35673
-0.295892
0.362638
-0.264147
0.368695
-0.235689
0.374431
-0.210458
0.379616
-0.188204
0.384167
-0.168598
0.388088
-0.15131
0.391424
-0.136031
0.394237
-0.122492
0.396595
-0.110463
0.398563
-0.0997486
0.4002
-0.0901857
0.401558
-0.0816373
0.402681
-0.0739882
0.403608
-0.0671413
0.404372
-0.0610144
0.404999
-0.0555379
0.405513
-0.0506526
0.405934
-0.0463084
0.406277
-0.0424627
0.406556
-0.0390801
0.406783
-0.0361318
0.406966
-0.0335958
0.407113
-0.0314574
0.407228
-0.0297091
0.407315
-0.028349
0.407375
-0.0273746
0.407412
-0.0267726
0.40743
-0.0265057
0.407435
-0.0265057
0.407435
-0.0582995
0.694118
-0.218808
0.593531
-0.334456
0.511369
-0.407272
0.448778
-0.443127
0.404639
-0.449975
0.376323
-0.436215
0.360492
-0.409466
0.353755
-0.375876
0.353108
-0.339912
0.356155
-0.304486
0.361145
-0.271268
0.3669
-0.24104
0.372692
-0.214015
0.37812
-0.190084
0.382992
-0.168979
0.387248
-0.150382
0.390899
-0.133974
0.393994
-0.119463
0.396595
-0.106596
0.398768
-0.0951573
0.400575
-0.084963
0.402071
-0.0758599
0.403305
-0.0677191
0.404321
-0.060432
0.405154
-0.053907
0.405835
-0.0480665
0.40639
-0.0428447
0.406841
-0.0381856
0.407207
-0.0340416
0.407502
-0.0303725
0.407739
-0.0271445
0.40793
-0.0243304
0.408082
-0.0219094
0.408202
-0.0198675
0.408295
-0.0181979
0.408365
-0.0168989
0.408411
-0.0159687
0.408438
-0.0153949
0.408449
-0.0151414
0.408451
-0.0151414
0.408451
-0.0848872
0.671137
-0.232133
0.57568
-0.335621
0.498772
-0.398308
0.441014
-0.426522
0.40093
-0.428241
0.375734
-0.411568
0.362096
-0.38365
0.356745
-0.350124
0.35685
-0.314992
0.360196
-0.280803
0.365189
-0.248974
0.370774
-0.220128
0.376311
-0.194394
0.381452
-0.171625
0.386038
-0.151548
0.390025
-0.133851
0.393434
-0.118227
0.396313
-0.104402
0.398724
-0.0921369
0.40073
-0.0812261
0.402391
-0.0714979
0.40376
-0.0628072
0.404884
-0.0550323
0.405803
-0.0480705
0.406552
-0.041835
0.407159
-0.0362521
0.407649
-0.0312595
0.408043
-0.026804
0.408359
-0.0228403
0.408611
-0.0193302
0.408811
-0.0162416
0.408969
-0.0135485
0.409093
-0.0112311
0.409189
-0.00927622
0.409263
-0.00767749
0.409316
-0.00643364
0.40935
-0.00554333
0.409368
-0.00499489
0.409373
-0.0047534
0.409372
-0.0047534
0.409372
-0.106335
0.650943
-0.241597
0.560279
-0.334338
0.488159
-0.388266
0.434715
-0.41003
0.398183
-0.407553
0.37567
-0.388618
0.363881
-0.359927
0.359668
-0.326651
0.360365
-0.292389
0.363919
-0.25938
0.368876
-0.228831
0.374285
-0.201237
0.379578
-0.176661
0.384454
-0.154931
0.38878
-0.13577
0.392525
-0.118874
0.395715
-0.103951
0.3984
-0.0907387
0.400641
-0.0790101
0.402498
-0.0685719
0.404028
-0.059261
0.405284
-0.05094
0.406308
-0.0434933
0.40714
-0.0368233
0.407813
-0.0308477
0.408354
-0.0254963
0.408786
-0.0207097
0.409129
-0.0164371
0.4094
-0.0126356
0.409613
-0.00926849
0.409779
-0.00630524
0.409907
-0.003721
0.410006
-0.00149688
0.410082
0.000379644
0.410137
0.00191455
0.410176
0.00310876
0.410199
0.00396318
0.410209
0.00448879
0.410208
0.0047195
0.410205
0.0047195
0.410205
-0.12346
0.633266
-0.247972
0.547037
-0.331267
0.479245
-0.377652
0.42963
-0.39399
0.396198
-0.388093
0.375987
-0.367419
0.365752
-0.338252
0.362472
-0.305349
0.363634
-0.271957
0.367328
-0.240056
0.372222
-0.210676
0.377454
-0.184211
0.38252
-0.160672
0.387152
-0.139868
0.391243
-0.121523
0.394771
-0.10534
0.397764
-0.0910406
0.400275
-0.0783741
0.402363
-0.0671246
0.404087
-0.0571085
0.405501
-0.0481706
0.406654
-0.0401803
0.40759
-0.0330274
0.408344
-0.0266189
0.408949
-0.0208762
0.40943
-0.0157323
0.409809
-0.0111304
0.410107
-0.00702207
0.410338
-0.00336603
0.410516
-0.000127285
0.410651
0.00272343
0.410754
0.00520991
0.41083
0.00735026
0.410886
0.00915643
0.410926
0.010634
0.410952
0.0117836
0.410965
0.0126058
0.410967
0.0131109
0.410962
0.013332
0.410956
0.013332
0.410956
-0.136983
0.617858
-0.251921
0.535688
-0.326956
0.471783
-0.366872
0.425548
-0.37866
0.39481
-0.369984
0.376567
-0.347985
0.367638
-0.318563
0.365123
-0.286106
0.366646
-0.253562
0.370429
-0.222687
0.375243
-0.194367
0.380304
-0.168914
0.385158
-0.146299
0.38957
-0.126319
0.393448
-0.108698
0.396781
-0.0931491
0.399599
-0.0794036
0.401955
-0.0672225
0.403906
-0.0563996
0.405511
-0.0467596
0.40682
-0.0381544
0.407883
-0.0304592
0.408739
-0.0235686
0.409424
-0.0173937
0.409967
-0.0118591
0.410395
-0.00690081
0.410728
-0.00246416
0.410985
0.00149728
0.41118
0.00502313
0.411327
0.00814698
0.411435
0.010897
0.411514
0.0132959
0.41157
0.0153613
0.411609
0.0171044
0.411635
0.0185306
0.411649
0.0196403
0.411653
0.0204336
0.411648
0.0209204
0.411639
0.0211328
0.411631
0.0211328
0.411631
-0.147533
0.604487
-0.254002
0.525998
-0.321856
0.465557
-0.356247
0.42229
-0.364232
0.393883
-0.353306
0.377317
-0.330308
0.369483
-0.300789
0.367593
-0.268817
0.369397
-0.237077
0.373231
-0.207141
0.377956
-0.179776
0.382855
-0.155226
0.387514
-0.133432
0.391727
-0.114181
0.395415
-0.0972014
0.398573
-0.0822136
0.401235
-0.0689591
0.403453
-0.0572084
0.405283
-0.046764
0.406781
-0.037458
0.407999
-0.0291485
0.40898
-0.0217157
0.409765
-0.0150585
0.410388
-0.00909156
0.410878
-0.00374236
0.411258
0.0010507
0.41155
0.00534012
0.41177
0.00917065
0.411934
0.0125804
0.412052
0.0156019
0.412137
0.018262
0.412194
0.0205829
0.412232
0.0225813
0.412256
0.0242683
0.412269
0.0256487
0.412272
0.0267227
0.412268
0.0274902
0.412258
0.0279607
0.412245
0.0281653
0.412235
0.0281653
0.412235
-0.155652
0.592944
-0.254687
0.517761
-0.316334
0.460384
-0.346028
0.419704
-0.350845
0.393305
-0.338105
0.378165
-0.314362
0.371246
-0.284859
0.369865
-0.25338
0.371887
-0.222391
0.375744
-0.193305
0.380377
-0.166792
0.385123
-0.143043
0.389606
-0.121974
0.39364
-0.103366
0.397159
-0.0869511
0.400162
-0.072458
0.402686
-0.0596364
0.404782
-0.0482656
0.406505
-0.0381556
0.407909
-0.0291448
0.409045
-0.0210968
0.409955
-0.0138962
0.410677
-0.00744568
0.411246
-0.00166292
0.411687
0.00352202
0.412025
0.00816859
0.41228
0.0123275
0.412468
0.0160419
0.412604
0.0193488
0.412698
0.0222793
0.41276
0.0248598
0.412799
0.0271114
0.412822
0.0290504
0.412832
0.0306875
0.412833
0.0320272
0.412828
0.0330696
0.412817
0.0338143
0.412801
0.0342702
0.412785
0.034468
0.412773
0.034468
0.412773
-0.161808
0.583043
-0.254371
0.510797
-0.310689
0.456104
-0.336412
0.417666
-0.338603
0.392985
-0.324406
0.379051
-0.300116
0.372893
-0.270702
0.371927
-0.239706
0.374115
-0.209403
0.377977
-0.181078
0.382518
-0.155319
0.387125
-0.132274
0.39145
-0.111841
0.395326
-0.0937966
0.398695
-0.0778765
0.401562
-0.0638166
0.403965
-0.0513745
0.405953
-0.0403369
0.407582
-0.0305203
0.408904
-0.0217688
0.409967
-0.0139506
0.410814
-0.00695413
0.411482
-0.000685413
0.412002
0.00493529
0.412401
0.00997565
0.412703
0.0144933
0.412925
0.0185372
0.413085
0.0221494
0.413195
0.0253656
0.413267
0.0282161
0.413311
0.0307263
0.413334
0.0329169
0.413342
0.0348036
0.41334
0.0363966
0.413332
0.0377005
0.413318
0.038715
0.413301
0.0394395
0.413281
0.0398827
0.413261
0.0400745
0.413248
0.0400745
0.413248
-0.166396
0.574619
-0.253382
0.50495
-0.305165
0.452585
-0.327555
0.416071
-0.327581
0.392849
-0.31222
0.379927
-0.287535
0.3744
-0.258254
0.37377
-0.227712
0.376084
-0.198027
0.379938
-0.170374
0.384393
-0.145276
0.388874
-0.122844
0.393059
-0.102964
0.396796
-0.0854085
0.400035
-0.0699178
0.402783
-0.0562341
0.40508
-0.0441217
0.406975
-0.0333737
0.408521
-0.0238124
0.409772
-0.0152866
0.410772
-0.00766842
0.411565
-0.000849857
0.412184
0.00526043
0.412663
0.0107399
0.413025
0.0156541
0.413294
0.0200592
0.413489
0.0240029
0.413624
0.0275259
0.413712
0.0306629
0.413766
0.0334435
0.413793
0.0358924
0.413802
0.0380297
0.413798
0.0398707
0.413785
0.0414253
0.413768
0.0426979
0.413748
0.043688
0.413725
0.0443949
0.413701
0.0448269
0.413679
0.0450135
0.413664
0.0450135
0.413664
-0.169751
0.567529
-0.251992
0.500088
-0.29996
0.449714
-0.31958
0.414831
-0.317837
0.392835
-0.301552
0.380756
-0.276585
0.375747
-0.247459
0.375387
-0.217333
0.377797
-0.188193
0.381636
-0.161124
0.386012
-0.136595
0.390381
-0.114691
0.394445
-0.0952847
0.398062
-0.0781489
0.401188
-0.0630265
0.403834
-0.0496653
0.40604
-0.0378358
0.407854
-0.0273365
0.409331
-0.0179945
0.410519
-0.00966259
0.411466
-0.00221646
0.412211
0.0044491
0.41279
0.0104231
0.413232
0.0157809
0.413563
0.0205866
0.413805
0.0248949
0.413975
0.0287521
0.414088
0.0321982
0.414159
0.0352671
0.414196
0.0379874
0.414209
0.0403835
0.414205
0.0424748
0.414191
0.0442764
0.414169
0.0457979
0.414145
0.0470435
0.414118
0.0480125
0.414091
0.0487043
0.414063
0.0491267
0.414039
0.0493087
0.414024
0.0493087
0.414024
-0.172155
0.56165
-0.250428
0.496098
-0.295235
0.447398
-0.312586
0.413874
-0.309415
0.392893
-0.292405
0.381505
-0.26724
0.376917
-0.238272
0.376772
-0.208515
0.379256
-0.179844
0.383075
-0.153273
0.38738
-0.129226
0.391655
-0.107767
0.395615
-0.08876
0.39913
-0.0719774
0.402161
-0.0571651
0.404721
-0.0440758
0.40685
-0.0324847
0.408597
-0.0221951
0.410014
-0.0130381
0.411151
-0.00486991
0.412052
0.00243095
0.412758
0.00896728
0.413302
0.0148261
0.413713
0.0200811
0.414018
0.0247951
0.414236
0.0290214
0.414386
0.0328057
0.414482
0.0361867
0.414536
0.0391979
0.41456
0.0418673
0.414561
0.0442186
0.414547
0.0462711
0.414523
0.0480393
0.414495
0.0495328
0.414464
0.0507555
0.414432
0.0517068
0.4144
0.0523857
0.41437
0.0527999
0.414344
0.0529781
0.414328
0.0529781
0.414328
-0.17384
0.556882
-0.248876
0.492887
-0.291125
0.445559
-0.306656
0.413143
-0.302352
0.392983
-0.284781
0.382151
-0.259482
0.377898
-0.230662
0.377922
-0.201219
0.380459
-0.17294
0.38426
-0.14678
0.388505
-0.123131
0.3927
-0.102038
0.396574
-0.0833589
0.400006
-0.0668662
0.402959
-0.0523085
0.405448
-0.0394423
0.407514
-0.0280471
0.409206
-0.0179297
0.410574
-0.0089247
0.411669
-0.000891082
0.412533
0.00629033
0.413206
0.0127204
0.413721
0.0184844
0.414108
0.0236549
0.414391
0.0282934
0.41459
0.0324523
0.414723
0.0361764
0.414804
0.039504
0.414846
0.0424676
0.414858
0.045095
0.41485
0.0474095
0.414827
0.0494299
0.414796
0.0511707
0.414762
0.0526411
0.414725
0.0538449
0.41469
0.0547815
0.414655
0.0554498
0.414622
0.0558574
0.414595
0.0560324
0.414577
0.0560324
0.414577
-0.174995
0.553142
-0.247486
0.490383
-0.287735
0.444138
-0.301855
0.412591
-0.296682
0.393073
-0.27869
0.382673
-0.2533
0.378679
-0.224608
0.378833
-0.195419
0.381409
-0.167454
0.385193
-0.141621
0.38939
-0.118287
0.393521
-0.0974833
0.397328
-0.0790632
0.400693
-0.0627994
0.403585
-0.0484426
0.406019
-0.0357525
0.408035
-0.0245118
0.409683
-0.0145305
0.411013
-0.00564548
0.412074
0.0022819
0.412909
0.009369
0.413557
0.0157151
0.41405
0.0214044
0.414418
0.0265081
0.414683
0.0310869
0.414867
0.0351925
0.414987
0.0388691
0.415057
0.0421543
0.415088
0.0450804
0.415092
0.0476746
0.415076
0.04996
0.415047
0.051955
0.41501
0.053674
0.41497
0.055126
0.41493
0.0563149
0.414891
0.0572399
0.414854
0.0578999
0.414819
0.0583021
0.414791
0.0584747
0.414773
0.0584747
0.414773
-0.175765
0.55037
-0.246373
0.488532
-0.28515
0.44309
-0.298236
0.412187
-0.292432
0.393142
-0.274138
0.383059
-0.248688
0.379255
-0.220098
0.379502
-0.191102
0.382107
-0.16337
0.385877
-0.137781
0.390038
-0.114681
0.394122
-0.0940919
0.397879
-0.0758639
0.401195
-0.0597697
0.404041
-0.0455618
0.406434
-0.0330021
0.408414
-0.0218759
0.41003
-0.0119952
0.411332
-0.00319899
0.412369
0.0046498
0.413182
0.0116671
0.413811
0.0179512
0.414288
0.0235851
0.414641
0.0286395
0.414895
0.0331742
0.415068
0.0372405
0.415178
0.0408819
0.415239
0.0441359
0.415264
0.0470341
0.415261
0.0496038
0.415239
0.0518675
0.415205
0.0538437
0.415165
0.0555465
0.415121
0.0569849
0.415078
0.0581627
0.415037
0.059079
0.414998
0.0597328
0.414962
0.060131
0.414932
0.0603017
0.414914
0.0603017
0.414914
-0.17625
0.548528
-0.245615
0.487301
-0.283424
0.442391
-0.295831
0.411912
-0.289616
0.393179
-0.271127
0.383306
-0.245641
0.379626
-0.217119
0.379935
-0.188252
0.382557
-0.160676
0.38632
-0.135248
0.390456
-0.112302
0.39451
-0.0918552
0.398234
-0.0737539
0.401518
-0.0577715
0.404334
-0.0436617
0.4067
-0.031188
0.408656
-0.0201371
0.410251
-0.0103227
0.411535
-0.00158486
0.412556
0.00621226
0.413355
0.0131838
0.413972
0.0194271
0.414438
0.0250247
0.414782
0.0300467
0.415027
0.0345525
0.415193
0.0385929
0.415297
0.0422113
0.415353
0.0454447
0.415372
0.0483247
0.415365
0.0508781
0.41534
0.0531276
0.415303
0.0550914
0.415259
0.0567836
0.415214
0.058213
0.415169
0.0593834
0.415126
0.060294
0.415086
0.0609436
0.415049
0.0613392
0.415018
0.0615087
0.415
0.0615087
0.415
-0.176497
0.547602
-0.245245
0.48668
-0.282574
0.442034
-0.294646
0.411767
-0.288227
0.393189
-0.269642
0.383419
-0.244139
0.379802
-0.215652
0.380141
-0.186848
0.382773
-0.15935
0.386531
-0.134002
0.390656
-0.111133
0.394695
-0.0907558
0.398402
-0.0727173
0.401671
-0.0567903
0.404472
-0.042729
0.406826
-0.0302979
0.40877
-0.0192843
0.410355
-0.00950261
0.411629
-0.000793676
0.412642
0.00697791
0.413435
0.0139268
0.414045
0.02015
0.414506
0.0257297
0.414845
0.0307356
0.415086
0.0352271
0.415249
0.0392548
0.41535
0.0428618
0.415403
0.046085
0.41542
0.0489559
0.415411
0.0515014
0.415383
0.0537438
0.415345
0.0557014
0.4153
0.0573883
0.415253
0.0588132
0.415207
0.05998
0.415163
0.0608877
0.415122
0.0615352
0.415085
0.0619296
0.415055
0.0620984
0.415036
0.0620984
0.415036
-0.176497
0.547602
-0.245245
0.48668
-0.282574
0.442034
-0.294646
0.411767
-0.288227
0.393189
-0.269642
0.383419
-0.244139
0.379802
-0.215652
0.380141
-0.186848
0.382773
-0.15935
0.386531
-0.134002
0.390656
-0.111133
0.394695
-0.0907557
0.398402
-0.0727172
0.401671
-0.0567902
0.404472
-0.0427289
0.406826
-0.0302977
0.40877
-0.0192842
0.410354
-0.00950252
0.411629
-0.000793609
0.412642
0.00697794
0.413434
0.0139268
0.414045
0.0201499
0.414506
0.0257296
0.414845
0.0307354
0.415086
0.0352269
0.415249
0.0392544
0.41535
0.0428614
0.415403
0.0460845
0.41542
0.0489553
0.41541
0.0515007
0.415383
0.053743
0.415345
0.0557006
0.4153
0.0573874
0.415253
0.0588123
0.415207
0.059979
0.415163
0.0608867
0.415122
0.0615342
0.415085
0.0619284
0.415055
0.0620973
0.415036
0.0620973
0.415036
