0.34985
0.0944808
0.395145
0.104353
0.448938
0.115976
0.513283
0.12977
0.590836
0.146277
0.685055
0.166201
0.800446
0.190459
0.942897
0.220243
1.12007
0.257096
1.34189
0.302993
1.62107
0.360438
1.97365
0.432544
2.41946
0.523094
2.98237
0.636545
3.69009
0.77795
4.57332
0.952741
5.66397
1.16635
6.99212
1.42362
8.58171
1.72802
10.445
2.08067
12.5761
2.47935
14.945
2.91748
17.4919
3.38353
20.1255
3.86081
22.724
4.32805
25.1427
4.76075
27.2257
5.13337
28.8224
5.42199
29.8063
5.60733
30.0933
5.6774
29.6559
5.62947
28.5306
5.4709
26.8173
5.21877
24.6704
4.89815
22.283
4.53962
19.8674
4.17615
17.6345
3.84006
15.775
3.56024
14.4441
3.36004
13.7508
3.25576
13.7508
3.25576
0.34985
0.0944808
0.395145
0.104353
0.448938
0.115976
0.513283
0.12977
0.590836
0.146277
0.685055
0.166201
0.800446
0.190459
0.942897
0.220243
1.12007
0.257096
1.34189
0.302993
1.62107
0.360438
1.97365
0.432544
2.41946
0.523094
2.98237
0.636545
3.69009
0.77795
4.57332
0.952741
5.66397
1.16635
6.99212
1.42362
8.58171
1.72802
10.445
2.08067
12.5761
2.47935
14.945
2.91748
17.4919
3.38353
20.1255
3.86081
22.724
4.32805
25.1427
4.76075
27.2257
5.13337
28.8224
5.42199
29.8063
5.60733
30.0933
5.6774
29.6559
5.62947
28.5306
5.4709
26.8173
5.21877
24.6704
4.89815
22.283
4.53962
19.8674
4.17615
17.6345
3.84006
15.775
3.56024
14.4441
3.36004
13.7508
3.25576
13.7508
3.25576
0.351416
0.0949336
0.397084
0.104906
0.45136
0.116658
0.516337
0.130621
0.594722
0.14735
0.690038
0.167566
0.806879
0.192209
0.951239
0.222497
1.13091
0.260006
1.35598
0.306748
1.6393
0.365265
1.99708
0.438705
2.44928
0.530878
3.01981
0.646248
3.73629
0.789847
4.62917
0.96704
5.72978
1.18314
7.06736
1.44281
8.66463
1.74926
10.5323
2.10332
12.6629
2.50241
15.0243
2.93963
17.5552
3.40315
20.1631
3.87608
22.726
4.33711
25.0994
4.76186
27.1292
5.12509
28.6674
5.4034
29.5909
5.5781
29.8196
5.63786
29.3294
5.58056
28.1597
5.41407
26.4125
5.15576
24.2426
4.83082
21.8426
4.46969
19.4228
4.10506
17.1915
3.76882
15.3364
3.48941
14.0103
3.28975
13.3199
3.18583
13.3199
3.18583
0.354559
0.0958468
0.400977
0.106022
0.45623
0.118038
0.522486
0.132345
0.602555
0.149526
0.700093
0.170338
0.819868
0.195765
0.968089
0.227079
1.15281
0.26592
1.3844
0.314374
1.67606
0.375056
2.04427
0.451184
2.50922
0.546612
3.09489
0.665816
3.8287
0.813772
4.74049
0.995709
5.86049
1.21669
7.21617
1.481
8.82783
1.79137
10.7032
2.148
12.8311
2.54765
15.1762
2.98278
17.6739
3.44096
20.2294
3.90498
22.7201
4.35344
25.0029
4.76225
26.9269
5.10683
28.3496
5.36476
29.1547
5.51856
29.2694
5.55819
28.6767
5.48272
27.4218
5.30098
25.6102
5.03091
23.3978
4.69787
20.9753
4.33203
18.5494
3.96546
16.3231
3.62922
14.4784
3.35085
13.1625
3.15242
12.4784
3.04929
12.4784
3.04929
0.359322
0.0972397
0.40689
0.107728
0.46364
0.120153
0.531858
0.134994
0.614512
0.152877
0.715462
0.174612
0.839736
0.20125
0.993866
0.234149
1.18629
0.275042
1.42782
0.32612
1.73209
0.390107
2.11601
0.470311
2.60006
0.570648
3.20824
0.695589
3.9676
0.850011
4.90697
1.03892
6.05481
1.26697
7.43589
1.5379
9.06687
1.85366
10.9509
2.21357
13.0719
2.61343
15.3893
3.04474
17.8343
3.49433
20.309
3.94449
22.6904
4.37382
24.8376
4.75873
26.605
5.07567
27.8583
5.30368
28.4913
5.42709
28.442
5.43773
27.7036
5.33639
26.3293
5.13321
24.4293
4.84693
22.1605
4.50304
19.7109
4.13124
17.2812
3.76267
15.0664
3.42713
13.2401
3.15079
11.9415
2.95451
11.2676
2.8527
11.2676
2.8527
0.365787
0.0991449
0.414935
0.11007
0.473747
0.123063
0.544672
0.138649
0.630891
0.157511
0.736542
0.180534
0.867006
0.20886
1.02924
0.243956
1.2322
0.287682
1.48724
0.342365
1.80856
0.410858
2.21357
0.49658
2.72302
0.6035
3.36084
0.736056
4.1534
0.898959
5.12806
1.09687
6.31077
1.33389
7.72261
1.61297
9.37534
1.93507
11.2662
2.29834
13.3727
2.69734
15.6479
3.12241
18.0177
3.55949
20.3813
3.99039
22.6155
4.39383
24.5831
4.74698
26.1462
5.02773
27.1812
5.21713
27.5953
5.30184
27.3403
5.27606
26.422
5.14271
24.9035
4.91353
22.9
4.60811
20.5691
4.25199
18.0945
3.87418
15.6686
3.50449
13.4759
3.17103
11.6786
2.89821
10.4059
2.70529
9.74699
2.60548
9.74699
2.60548
0.374077
0.101609
0.425282
0.113111
0.486782
0.126856
0.56124
0.14343
0.652113
0.163589
0.763894
0.188313
0.902407
0.218864
1.07515
0.256843
1.29168
0.304265
1.56401
0.363615
1.90699
0.437894
2.33852
0.530628
2.87957
0.645818
3.55376
0.787812
4.38641
0.961059
5.40278
1.16973
6.62548
1.41721
8.07083
1.70542
9.74449
2.03408
11.6366
2.39995
13.717
2.79614
15.9316
3.21171
18.2008
3.63165
20.4211
4.03742
22.4701
4.40804
24.2164
4.72184
25.5317
4.9586
26.3065
5.10186
26.4639
5.14108
25.972
5.07326
24.8511
4.90373
23.1747
4.64595
21.0635
4.32033
18.6741
3.95225
16.1842
3.5697
13.7757
3.2008
11.6199
2.87156
9.86524
2.60426
8.62869
2.41622
7.99021
2.31923
7.99021
2.31923
0.384358
0.104697
0.438157
0.116938
0.503056
0.13165
0.581981
0.149492
0.678736
0.171317
0.79825
0.198223
0.946881
0.231612
1.13276
0.273249
1.36615
0.325325
1.65979
0.3905
2.02919
0.471922
2.4927
0.573206
3.0713
0.698337
3.78799
0.851486
4.6665
1.03671
5.72928
1.25755
6.99463
1.51642
8.47306
1.81402
10.163
2.14862
12.0464
2.51537
14.0848
2.90581
16.2165
3.30769
18.3567
3.70516
20.3999
4.07949
22.2267
4.4104
23.7131
4.67777
24.7436
4.86375
25.225
4.95482
25.0988
4.94365
24.3511
4.83031
23.0178
4.62267
21.1826
4.33587
18.9707
3.99095
16.5364
3.61288
14.0488
3.22824
11.6769
2.86306
9.57665
2.54091
7.88064
2.28156
6.69183
2.10017
6.07994
2.00693
6.07994
2.00693
0.396846
0.108493
0.453855
0.121664
0.522965
0.137596
0.607427
0.15704
0.711462
0.180964
0.840519
0.210608
1.00158
0.247541
1.20349
0.293712
1.45729
0.351505
1.77648
0.423756
2.17716
0.513747
2.67798
0.625138
3.29966
0.761817
4.0641
0.927663
4.99276
1.12619
6.10442
1.36008
7.41211
1.63061
8.91946
1.93703
10.6167
2.27595
12.4768
2.64079
14.4526
3.02152
16.4753
3.40465
18.4556
3.77367
20.2878
4.11006
21.8573
4.39462
23.0504
4.60928
23.7669
4.739
23.9322
4.77364
23.5079
4.70933
22.4993
4.54934
20.9573
4.30403
18.9753
3.99002
16.6811
3.6287
14.2245
3.2442
11.7637
2.86135
9.4527
2.50369
7.42966
2.19203
5.80987
1.94339
4.68116
1.77059
4.10221
1.68209
4.10221
1.68209
0.411815
0.113103
0.472746
0.127434
0.547005
0.144888
0.638235
0.166327
0.751149
0.19286
0.891797
0.22589
1.06787
0.267175
1.28899
0.318867
1.567
0.383544
1.91612
0.464211
2.35294
0.564241
2.89613
0.687266
3.56572
0.83697
4.38189
1.01678
5.36305
1.22949
6.52337
1.47671
7.86957
1.75836
9.39745
2.07204
11.0883
2.41259
12.9058
2.77166
14.7944
3.13772
16.6787
3.49624
18.4668
3.83045
20.0549
4.12242
21.3359
4.35457
22.2091
4.51137
22.592
4.58104
22.4304
4.55706
21.7071
4.4392
20.4462
4.23386
18.7129
3.95366
16.6084
3.61638
14.2605
3.24331
11.8119
2.85734
9.40794
2.48111
7.18502
2.13537
5.26241
1.83791
3.7369
1.60287
2.68059
1.44061
2.14078
1.35785
2.14078
1.35785
0.429601
0.118663
0.495283
0.134429
0.575779
0.153765
0.675195
0.177667
0.798811
0.207405
0.953357
0.244572
1.14729
0.291128
1.39106
0.349438
1.69728
0.422266
2.08079
0.512748
2.55842
0.624287
3.1485
0.760382
3.86979
0.924364
4.74
1.11904
5.77359
1.34624
6.97911
1.60631
8.35604
1.8976
9.89156
2.21594
11.5576
2.55431
13.3087
2.9027
15.0816
3.24824
16.7962
3.57575
18.3599
3.86863
19.6737
4.11011
20.6407
4.28475
21.176
4.38004
21.2167
4.38778
20.7303
4.30529
19.7208
4.13588
18.2299
3.88886
16.3352
3.57873
14.1427
3.22395
11.7778
2.8452
9.37333
2.46369
7.05913
2.09951
4.95282
1.77036
3.15366
1.49085
1.7396
1.2722
0.766998
1.12231
0.27193
1.04619
0.27193
1.04619
0.450615
0.12534
0.52201
0.14287
0.610004
0.164517
0.719234
0.191434
0.855622
0.225074
1.02664
0.267236
1.24156
0.320098
1.51164
0.386226
1.85018
0.468546
2.27244
0.570266
2.79515
0.69472
3.43577
0.845137
4.2111
1.02432
5.1355
1.23423
6.21852
1.47554
7.46211
1.74711
8.85768
2.04554
10.3833
2.36482
12.0016
2.69615
13.6586
3.02799
15.2849
3.34652
16.7978
3.63636
18.1068
3.88165
19.1207
4.06736
19.7558
4.18073
19.9454
4.21266
19.6476
4.15879
18.8518
4.02021
17.5821
3.8036
15.896
3.52074
13.8802
3.18749
11.6426
2.82239
9.30271
2.44502
6.98106
2.07444
4.79022
1.72788
2.8279
1.41985
1.17316
1.16177
-0.114551
0.961955
-0.994017
0.826006
-1.4398
0.757261
-1.4398
0.757261
0.475346
0.133338
0.553575
0.153027
0.650521
0.177494
0.771421
0.208071
0.922906
0.246416
1.11324
0.294546
1.35249
0.354853
1.65267
0.430084
2.02762
0.523276
2.49268
0.637618
3.06404
0.776247
3.7576
0.941949
4.58739
1.13679
5.56349
1.36167
6.68954
1.61586
7.96003
1.89657
9.3577
2.19857
10.8514
2.51401
12.395
2.83244
13.9275
3.14117
15.3752
3.42586
16.6556
3.67151
17.6837
3.86362
18.379
3.98949
18.6738
4.03953
18.5213
4.00834
17.9012
3.89543
16.8243
3.70551
15.3326
3.44818
13.4961
3.13714
11.4074
2.78896
9.17253
2.42165
6.90201
2.05314
4.7017
1.69996
2.66563
1.3763
0.871373
1.09344
-0.62172
0.859687
-1.77167
0.680654
-2.55124
0.559786
-2.94464
0.498955
-2.94464
0.498955
0.504369
0.142905
0.590731
0.16522
0.698293
0.193105
0.83296
0.228091
1.00212
0.272054
1.21483
0.327232
1.48193
0.396214
1.81604
0.481885
2.23124
0.58731
2.74257
0.715542
3.36505
0.869353
4.11227
1.05089
4.99457
1.26124
6.01674
1.50003
7.17563
1.76495
8.4576
2.0514
9.8365
2.35231
11.2724
2.65813
12.7114
2.95707
14.0874
3.2357
15.3253
3.47975
16.346
3.67526
17.073
3.80972
17.4397
3.87331
17.3966
3.85997
16.9177
3.76813
16.0042
3.60104
14.6861
3.36662
13.0204
3.07684
11.086
2.74662
8.97717
2.39254
6.79444
2.03145
4.63656
1.67915
2.59293
1.34938
0.73849
1.0532
-0.868863
0.798747
-2.18821
0.591428
-3.19341
0.434418
-3.86953
0.329285
-4.20914
0.276635
-4.20914
0.276635
0.538356
0.154332
0.634338
0.179826
0.754402
0.211825
0.905168
0.252075
1.0948
0.302675
1.33312
0.366074
1.63164
0.445021
2.00332
0.542468
2.46216
0.661398
3.02231
0.80457
3.6969
0.974201
4.49634
1.17156
5.4263
1.39656
6.48541
1.6473
7.66293
1.91974
8.93677
2.20747
10.2721
2.50165
11.6211
2.79128
12.924
3.06365
14.1121
3.30515
15.1119
3.50227
15.8511
3.64273
16.265
3.71661
16.3035
3.71744
15.9367
3.64286
15.1594
3.49508
13.9927
3.28077
12.483
3.01049
10.6985
2.69785
8.72284
2.35822
6.64765
2.0075
4.56468
1.6608
2.55853
1.33142
0.701147
1.03017
-0.951397
0.765011
-2.35964
0.541147
-3.4992
0.36142
-4.35757
0.226907
-4.93017
0.137617
-5.21634
0.0931398
-5.21634
0.0931398
0.578069
0.167966
0.685362
0.197281
0.820033
0.234189
0.989446
0.280661
1.20252
0.339014
1.46977
0.411874
1.80316
0.502092
2.21569
0.612585
2.72074
0.746106
3.33094
0.90494
4.05669
1.09052
4.9043
1.30302
5.87382
1.54092
6.95691
1.80066
8.13484
2.0764
9.37707
2.35993
10.6408
2.64091
11.872
2.90723
13.0074
3.14584
13.9785
3.34362
14.7171
3.48846
15.1608
3.57043
15.2596
3.58274
14.9817
3.52249
14.3172
3.39108
13.2807
3.19422
11.9105
2.94143
10.266
2.64524
8.42188
2.32006
6.46207
1.98099
4.47187
1.64252
2.53123
1.31758
0.709102
1.01675
-0.940231
0.747866
-2.37855
0.515997
-3.58288
0.323739
-4.54296
0.171751
-5.25745
0.0594184
-5.72984
-0.0144554
-5.96468
-0.0510422
-5.96468
-0.0510422
0.624365
0.184201
0.744862
0.218076
0.896448
0.260791
1.08723
0.314539
1.32682
0.381831
1.62624
0.465422
1.99764
0.568169
2.45361
0.692822
3.00632
0.84173
3.66607
1.01648
4.43965
1.21751
5.32833
1.44363
6.32575
1.69175
7.41603
1.95652
8.57234
2.23031
9.7563
2.50332
10.9186
2.76402
12.0008
2.99977
12.9391
3.19777
13.669
3.34608
14.1303
3.43473
14.274
3.45667
14.0669
3.40856
13.4961
3.2912
12.5712
3.10953
11.3243
2.87227
9.80754
2.5911
8.08853
2.27969
6.24434
1.95246
4.35462
1.62343
2.49501
1.30519
0.73159
1.00815
-0.883014
0.740069
-2.31152
0.505949
-3.53179
0.308272
-4.53491
0.147432
-5.32196
0.0223534
-5.9001
-0.0688467
-6.27868
-0.128216
-6.46578
-0.157434
-6.46578
-0.157434
0.678181
0.203486
0.813963
0.242757
0.984941
0.292269
1.19991
0.354423
1.46905
0.431879
1.80366
0.527438
2.21564
0.643847
2.71665
0.78352
3.3169
0.948196
4.02355
1.13854
4.83884
1.35373
5.75817
1.59106
6.76814
1.84569
7.84515
2.11051
8.95463
2.37623
10.0515
2.63177
11.0818
2.86489
11.9856
3.06304
12.7017
3.21437
13.1726
3.30885
13.35
3.3392
13.2
3.30171
12.7076
3.19665
11.8787
3.02836
10.7403
2.8049
9.33897
2.53731
7.73627
2.23866
6.00357
1.92286
4.21553
1.60355
2.44392
1.29306
0.752135
1.00168
-0.808778
0.737098
-2.20227
0.504339
-3.40657
0.305852
-4.41332
0.141919
-5.22485
0.0111954
-5.8507
-0.0886682
-6.30391
-0.160404
-6.59753
-0.206574
-6.7417
-0.229135
-6.7417
-0.229135
0.740514
0.226319
0.893826
0.271911
1.08678
0.329289
1.32876
0.401022
1.6303
0.489854
2.00261
0.598522
2.45689
0.729504
3.00318
0.884685
3.64893
1.06497
4.39726
1.26985
5.24506
1.49706
6.18114
1.7422
7.18478
1.99867
8.22485
2.25765
9.26005
2.50851
10.2403
2.73931
11.1093
2.93771
11.8091
3.09193
12.2841
3.19181
12.4871
3.22986
12.3841
3.20197
11.9582
3.10796
11.2125
2.95165
10.1699
2.74057
8.87243
2.48525
7.37663
2.19828
5.74904
1.8932
4.06006
1.58335
2.37795
1.28089
0.76363
0.996004
-0.73335
0.736383
-2.07711
0.50707
-3.24604
0.310553
-4.23178
0.147097
-5.03701
0.0152443
-5.67236
-0.0876113
-6.15307
-0.16464
-6.49562
-0.219041
-6.71485
-0.253599
-6.8217
-0.270345
-6.8217
-0.270345
0.812397
0.253236
0.98559
0.306153
1.20313
0.372516
1.4748
0.455005
1.81119
0.556347
2.223
0.679075
2.7201
0.825214
3.31016
0.995898
3.99704
1.19096
4.77898
1.40851
5.6468
1.64464
6.58235
1.89323
7.55764
2.14593
8.5348
2.3925
9.46725
2.62131
10.3022
2.82018
10.9842
2.97734
11.4599
3.0825
11.6831
3.12787
11.6195
3.10898
11.251
3.0252
10.5781
2.87988
9.62077
2.68008
8.41682
2.4359
7.01879
2.1596
5.48911
1.8644
3.89447
1.56348
2.30005
1.26886
0.76451
0.990672
-0.664056
0.736633
-1.95044
0.511832
-3.07313
0.318812
-4.02357
0.157878
-4.80425
0.0275506
-5.426
-0.0748846
-5.90494
-0.152833
-6.25941
-0.209879
-6.50725
-0.249364
-6.66358
-0.274049
-6.73911
-0.28589
-6.73911
-0.28589
0.894845
0.284803
1.09031
0.346104
1.33493
0.422583
1.63865
0.516947
2.01172
0.631778
2.46378
0.76923
3.00267
0.930665
3.63291
1.11623
4.35393
1.32447
5.15837
1.55191
6.03049
1.79294
6.94515
2.03967
7.86769
2.28227
8.75479
2.50939
9.55669
2.70898
10.2206
2.86926
10.6949
2.97975
10.9344
3.03235
10.9048
3.02218
10.5867
2.94816
9.9786
2.81317
9.09766
2.62384
7.97838
2.38993
6.66976
2.12339
5.23072
1.83727
3.72475
1.5446
2.21437
1.25736
0.756136
0.985691
-0.603201
0.737337
-1.82915
0.517452
-2.90035
0.328646
-3.808
0.171278
-4.55423
0.0438961
-5.14955
-0.0562428
-5.61015
-0.132646
-5.95505
-0.189098
-6.20357
-0.229261
-6.37325
-0.256356
-6.47831
-0.272946
-6.52848
-0.280793
-6.52848
-0.280793
0.988806
0.32159
1.20886
0.392356
1.48281
0.480046
1.82042
0.587278
2.2311
0.716328
2.7228
0.868773
3.30058
1.04508
3.96501
1.2442
4.71036
1.46315
5.52312
1.69679
6.38086
1.93775
7.25189
2.17658
8.09595
2.40223
8.86615
2.60279
9.51208
2.76642
9.98394
2.88243
10.2373
2.94236
10.2376
2.94089
9.96468
2.87644
9.4151
2.75142
8.60345
2.57205
7.56134
2.34775
6.3347
2.09024
4.9794
1.81244
3.55618
1.52732
2.1252
1.24689
0.741185
0.981318
-0.550383
0.738427
-1.71573
0.523444
-2.73373
0.339052
-3.59544
0.185668
-4.30256
0.0618761
-4.86515
-0.0350597
-5.29905
-0.10868
-5.62322
-0.16286
-5.85741
-0.20142
-6.02028
-0.227831
-6.12788
-0.245013
-6.19273
-0.255211
-6.22319
-0.259934
-6.22319
-0.259934
1.09508
0.364152
1.34185
0.445442
1.64694
0.545337
2.0195
0.666217
2.46754
0.809868
2.9966
0.977069
3.60822
1.16717
4.29825
1.37768
5.05524
1.604
5.85932
1.83924
6.68162
2.07439
7.4848
2.29872
8.22469
2.50044
8.85317
2.66765
9.32202
2.78944
9.58754
2.85694
9.61516
2.86434
9.38357
2.80951
8.88762
2.69437
8.13958
2.5247
7.16842
2.30958
6.01729
2.06055
4.73943
1.79043
3.39313
1.51221
2.03653
1.23794
0.722748
0.977925
-0.503884
0.740075
-1.61029
0.529719
-2.57562
0.349617
-3.39089
0.200242
-4.05746
0.0802114
-4.58496
-0.0131967
-4.9887
-0.0835321
-5.28725
-0.134706
-5.50025
-0.170609
-5.64653
-0.19483
-5.7429
-0.210472
-5.8032
-0.220038
-5.83787
-0.225398
-5.85366
-0.227778
-5.85366
-0.227778
1.21425
0.412989
1.48948
0.505787
1.82688
0.618703
2.23443
0.753711
2.7181
0.911892
3.28032
1.093
3.91835
1.29506
4.62274
1.51398
5.376
1.74343
6.15202
1.97487
6.91626
2.1979
7.62718
2.40089
8.23883
2.5719
8.70455
2.69975
8.9813
2.77515
9.03433
2.79173
8.8413
2.74679
8.39534
2.64167
7.70647
2.48166
6.80118
2.27552
5.72008
2.03459
4.51401
1.77165
3.23915
1.49972
1.95185
1.231
0.703866
0.975931
-0.461471
0.742581
-1.51171
0.536407
-2.42632
0.360262
-3.1963
0.214673
-3.82284
0.0982885
-4.31516
0.00839056
-4.68809
-0.0585781
-4.95972
-0.106547
-5.14925
-0.13944
-5.2753
-0.160895
-5.3547
-0.174093
-5.40172
-0.181658
-5.42766
-0.185637
-5.44075
-0.187506
-5.44616
-0.188213
-5.44616
-0.188213
1.34655
0.468517
1.65147
0.573661
2.02145
0.700156
2.46276
0.84937
2.97863
1.02146
3.56764
1.21494
4.22221
1.42631
4.92717
1.64978
5.65904
1.87735
6.38601
2.09899
7.06915
2.30327
7.66464
2.47822
8.12729
2.6124
8.41473
2.69608
8.49196
2.72227
8.33556
2.68763
7.93691
2.59284
7.30382
2.44269
6.46035
2.24556
5.4447
2.01255
4.30549
1.75642
3.09701
1.49028
1.87409
1.22652
0.687308
0.975764
-0.420816
0.746305
-1.41837
0.54376
-2.28507
0.371098
-3.01199
0.228913
-3.60018
0.115876
-4.05858
0.029267
-4.40162
-0.0344894
-4.64691
-0.0793453
-4.81316
-0.109246
-4.91857
-0.127853
-4.97965
-0.138376
-5.01059
-0.143484
-5.02285
-0.145292
-5.0252
-0.145387
-5.02377
-0.144881
-5.02229
-0.144464
-5.02229
-0.144464
1.49181
0.531017
1.82689
0.649125
2.22863
0.789409
2.70094
0.952417
3.24365
1.13716
3.85088
1.34072
4.50973
1.55794
5.19927
1.78134
5.89041
2.00136
6.54676
2.20682
7.12666
2.38576
7.58639
2.5265
7.88422
2.61882
7.98488
2.65513
7.86381
2.63132
7.51059
2.54738
6.93076
2.40748
6.14596
2.21956
5.19202
1.99449
4.11546
1.74497
2.96883
1.48425
1.80563
1.2249
0.675494
0.977848
-0.379706
0.751634
-1.32844
0.552094
-2.15062
0.382345
-2.83737
0.243067
-3.38965
0.132959
-3.81618
0.0492905
-4.1311
-0.0115443
-4.35161
-0.0535312
-4.49597
-0.0806441
-4.58189
-0.0965646
-4.62546
-0.104512
-4.64051
-0.107167
-4.63833
-0.106661
-4.62768
-0.104613
-4.61497
-0.102193
-4.60452
-0.100189
-4.59883
-0.0990784
-4.59883
-0.0990784
1.6493
0.600594
2.01407
0.731986
2.44543
0.885833
2.9443
1.06165
3.50647
1.25709
4.12114
1.46766
4.76991
1.6865
5.42637
1.90455
6.05671
2.11094
6.62144
2.29379
7.07836
2.44122
7.38639
2.54254
7.50998
2.58947
7.42341
2.57712
7.11434
2.50468
6.58601
2.37561
5.85752
2.19733
4.96234
1.9804
3.9449
1.73747
2.85614
1.48189
1.74837
1.22652
0.670463
0.982589
-0.336147
0.758967
-1.24015
0.56176
-2.02155
0.394285
-2.67145
0.257334
-3.19072
0.149647
-3.58792
0.0684827
-3.87697
0.0101952
-4.07475
-0.02925
-4.19913
-0.0538688
-4.26738
-0.0673706
-4.29515
-0.0729873
-4.29582
-0.0733989
-4.28033
-0.0707314
-4.25719
-0.066601
-4.23275
-0.0621833
-4.21141
-0.0582915
-4.19602
-0.0554505
-4.18809
-0.0539634
-4.18809
-0.0539634
1.81768
0.67713
2.21054
0.821746
2.6679
0.988414
3.18706
1.1754
3.75929
1.37887
4.36863
1.59264
4.99133
1.80822
5.59618
2.01515
6.14596
2.2017
6.60004
2.35584
6.91807
2.46642
7.06423
2.52448
7.01161
2.52426
6.74591
2.46408
6.2679
2.34657
5.59407
2.17854
4.7554
1.97017
3.79424
1.73398
2.75993
1.48345
1.70372
1.23171
0.673882
0.990374
-0.288399
0.768698
-1.15185
0.573128
-1.8964
0.407235
-2.51304
0.271965
-3.0025
0.166122
-3.37322
0.086959
-3.63892
0.0307859
-3.81625
-0.00649426
-3.92278
-0.0289551
-3.9754
-0.0403484
-3.98934
-0.0439281
-3.97756
-0.0423778
-3.95059
-0.0378135
-3.91661
-0.031835
-3.88168
-0.0256023
-3.8501
-0.0199189
-3.82472
-0.0153119
-3.80722
-0.012102
-3.79841
-0.010462
-3.79841
-0.010462
1.99494
0.760245
2.41298
0.917569
2.89108
1.09574
3.42244
1.2916
3.99349
1.4997
4.58313
1.7122
5.1628
1.91913
5.6976
2.109
6.14861
2.26971
6.47631
2.38971
6.6447
2.45932
6.62565
2.47192
6.40284
2.42483
5.97446
2.31977
5.35422
2.16278
4.57049
1.96358
3.66342
1.73449
2.68072
1.48907
1.67267
1.24075
0.687058
1.00156
-0.234988
0.781215
-1.06204
0.586579
-1.77375
0.421538
-2.36088
0.287248
-2.82394
0.182611
-3.17121
0.104891
-3.41624
0.0503524
-3.57552
0.0148257
-3.66637
-0.00583604
-3.7054
-0.0154439
-3.70749
-0.017289
-3.68522
-0.0140688
-3.6487
-0.00789474
-3.60576
-0.000349423
-3.56215
0.00742988
-3.52193
0.0146617
-3.4878
0.0208363
-3.46143
0.0256428
-3.44368
0.0289094
-3.43485
0.0305558
-3.43485
0.0305558
2.17829
0.849262
2.61719
1.01826
3.10916
1.206
3.64294
1.40776
4.20003
1.61646
4.75458
1.8227
5.27412
2.01533
5.7216
2.18229
6.05844
2.3117
6.24858
2.39322
6.26275
2.41928
6.08255
2.38615
5.70346
2.29452
5.13626
2.14954
4.40648
1.96031
3.55192
1.73887
2.6186
1.49881
1.6558
1.25384
0.710966
1.01646
-0.1747
0.796892
-0.969381
0.602494
-1.65229
0.437554
-2.21374
0.3035
-2.65392
0.199377
-2.98088
0.122489
-3.20802
0.0690609
-3.35168
0.0348457
-3.42901
0.0156079
-3.45643
0.00745947
-3.44852
0.00705463
-3.41754
0.0116668
-3.37327
0.0191789
-3.32317
0.0280194
-3.27269
0.0370724
-3.2256
0.0455816
-3.1844
0.0530607
-3.15065
0.0592184
-3.12516
0.0638979
-3.10827
0.0670294
-3.09994
0.0685941
-3.09994
0.0685941
2.36425
0.943189
2.81825
1.12227
3.31566
1.317
3.84058
1.52107
4.36988
1.72579
4.87365
1.92047
5.31683
2.09317
5.66202
2.23181
5.87325
2.3254
5.92019
2.36548
5.78237
2.34718
5.45247
2.27002
4.93813
2.13815
4.26183
1.9599
3.45881
1.74688
2.57325
1.51264
1.65335
1.27114
0.746259
1.03535
-0.106564
0.81608
-0.872738
0.621256
-1.53079
0.455655
-2.0704
0.321055
-2.49129
0.216709
-2.80116
0.139992
-3.01323
0.0871073
-3.14371
0.0537302
-3.20964
0.0355247
-3.2273
0.0285077
-3.21109
0.0292598
-3.173
0.0350076
-3.12254
0.043614
-3.06685
0.0535085
-3.01108
0.0635907
-2.95874
0.0731269
-2.91212
0.0816553
-2.87259
0.0889067
-2.8409
0.0947428
-2.81733
0.0991092
-2.80186
0.102001
-2.79428
0.103438
-2.79428
0.103438
2.54866
1.04071
3.01058
1.2277
3.50362
1.42628
4.00739
1.62852
4.49462
1.82434
4.93246
2.00208
5.28489
2.14952
5.51624
2.25519
5.5953
2.30969
5.49958
2.30701
5.21887
2.24542
4.75751
2.12786
4.13468
1.96177
3.38279
1.75816
2.54393
1.53042
1.66516
1.2927
0.793296
1.05845
-0.0298442
0.839099
-0.771113
0.643238
-1.40812
0.476223
-1.92969
0.340274
-2.33487
0.234921
-2.63091
0.157665
-2.83076
0.104712
-2.9505
0.0716657
-3.00712
0.0540802
-3.01679
0.047861
-2.99381
0.0494947
-2.95
0.0561419
-2.89466
0.0656281
-2.83467
0.0763709
-2.77493
0.0872758
-2.71871
0.0976264
-2.66807
0.106983
-2.62422
0.115098
-2.58778
0.121853
-2.55897
0.127208
-2.53775
0.131173
-2.52393
0.133781
-2.51719
0.135071
-2.51719
0.135071
2.72679
1.14021
3.1882
1.33238
3.66603
1.53112
4.13578
1.72702
4.56696
1.90886
4.92519
2.06448
5.17536
2.18197
5.28558
2.25112
5.23147
2.26474
4.99994
2.21975
4.59184
2.1178
4.02283
1.96518
3.32216
1.77219
2.52957
1.55186
1.69075
1.31846
0.852146
1.08589
0.0559774
0.866227
-0.663668
0.6688
-1.28325
0.499647
-1.79048
0.361534
-2.18352
0.254356
-2.46898
0.175802
-2.65947
0.122122
-2.77091
0.0888591
-2.82023
0.0714551
-2.8236
0.0656882
-2.79526
0.0679306
-2.74696
0.0752554
-2.68783
0.085432
-2.62459
0.0968499
-2.56193
0.108409
-2.5029
0.119402
-2.44937
0.129406
-2.4024
0.138194
-2.36245
0.145666
-2.32968
0.151797
-2.30401
0.156611
-2.28524
0.160149
-2.27306
0.162466
-2.26715
0.163608
-2.26715
0.163608
2.89355
1.23981
3.345
1.43392
3.79617
1.62872
4.21911
1.81356
4.58135
1.97646
4.84863
2.10527
4.98868
2.18904
4.97541
2.21946
4.7929
2.19204
4.43842
2.10698
3.92383
1.96929
3.27491
1.78829
2.52872
1.57653
1.72931
1.34825
0.922594
1.11772
0.151203
0.897688
-0.549703
0.69828
-1.15521
0.526321
-1.65166
0.385233
-2.03604
0.275382
-2.31418
0.194728
-2.49818
0.139611
-2.60375
0.105539
-2.64778
0.0878451
-2.64645
0.0821659
-2.61405
0.084739
-2.56232
0.0925274
-2.50033
0.103223
-2.43468
0.11517
-2.36989
0.127247
-2.30888
0.138748
-2.25334
0.149258
-2.20417
0.158569
-2.16173
0.166595
-2.12606
0.173329
-2.09704
0.178805
-2.07444
0.183075
-2.05798
0.1862
-2.04734
0.188239
-2.04219
0.189242
-2.04219
0.189242
3.04366
1.33741
3.47506
1.52982
3.888
1.71634
4.25215
1.88539
4.53443
2.02474
4.70254
2.12283
4.72894
2.17029
4.59501
2.16125
4.29442
2.09433
3.83499
1.97308
3.23873
1.80564
2.53961
1.60386
1.7797
1.38175
1.00414
1.15387
0.255918
0.933627
-0.428664
0.731977
-1.02311
0.55663
-1.51211
0.411787
-1.89125
0.298402
-2.16528
0.2148
-2.34566
0.157484
-2.44779
0.121962
-2.48851
0.103465
-2.48406
0.097481
-2.44884
0.100093
-2.39463
0.108131
-2.33055
0.119185
-2.26314
0.131534
-2.19685
0.144021
-2.13446
0.155925
-2.07755
0.166836
-2.02689
0.176554
-1.98271
0.185009
-1.94498
0.192209
-1.91349
0.198198
-1.888
0.20304
-1.86822
0.2068
-1.85386
0.209543
-1.8446
0.211329
-1.84012
0.212207
-1.84012
0.212207
3.17197
1.43079
3.573
1.61757
3.93666
1.79141
4.23145
1.9402
4.42536
2.052
4.48979
2.11648
4.40362
2.12639
4.15696
2.07874
3.75348
1.97544
3.21104
1.82326
2.56012
1.63306
1.84042
1.41846
1.09599
1.19415
0.369974
0.974095
-0.300147
0.770137
-0.886133
0.590946
-1.37078
0.441625
-1.74792
0.323846
-2.02101
0.236415
-2.20063
0.176085
-2.30178
0.138413
-2.34118
0.118551
-2.33517
0.111834
-2.29829
0.114172
-2.2425
0.122236
-2.17699
0.13349
-2.10836
0.146126
-2.04102
0.158933
-1.97769
0.171162
-1.91986
0.182397
-1.86819
0.192439
-1.82283
0.201231
-1.78367
0.208791
-1.75043
0.215178
-1.7228
0.220464
-1.70049
0.224721
-1.68321
0.22802
-1.67068
0.230422
-1.66262
0.231984
-1.65873
0.232751
-1.65873
0.232751
3.2737
1.51772
3.6343
1.6948
3.93872
1.85168
4.15571
1.97622
4.25598
2.05734
4.21628
2.0865
4.02325
2.05906
3.67636
1.97517
3.18903
1.84
2.58787
1.6632
1.90968
1.45772
1.19702
1.23817
0.492967
1.01902
-0.163924
0.812928
-0.74356
0.629608
-1.22658
0.475178
-1.6048
0.352171
-1.88003
0.26001
-2.06177
0.195799
-2.16442
0.155219
-2.20452
0.133371
-2.19851
0.125445
-2.16114
0.127162
-2.1046
0.13501
-2.03826
0.146302
-1.96884
0.159115
-1.90079
0.172164
-1.83682
0.184658
-1.77836
0.19616
-1.72602
0.206469
-1.67988
0.215533
-1.63973
0.223379
-1.60526
0.230076
-1.57609
0.235707
-1.55189
0.240353
-1.53237
0.244089
-1.51726
0.246979
-1.50631
0.249082
-1.49927
0.250448
-1.49588
0.251118
-1.49588
0.251118
3.34476
1.59604
3.65565
1.75939
3.89254
1.89539
4.02591
1.9924
4.03078
2.04074
3.89062
2.03416
3.60068
1.971
3.16977
1.8546
2.62017
1.69314
1.98532
1.49864
1.30579
1.2854
0.624205
1.06817
-0.0199793
0.860412
-0.594786
0.672896
-1.07851
0.512866
-1.46062
0.383858
-1.74097
0.286062
-1.92767
0.217059
-2.03433
0.172747
-2.07721
0.148227
-2.07281
0.138558
-2.03613
0.139264
-1.97966
0.146628
-1.91305
0.15778
-1.84321
0.170656
-1.77471
0.183875
-1.7103
0.196585
-1.65141
0.208316
-1.59861
0.218854
-1.55193
0.228147
-1.5111
0.236227
-1.47576
0.243173
-1.44548
0.249076
-1.4199
0.254027
-1.39868
0.258106
-1.38157
0.261383
-1.36831
0.263917
-1.35872
0.265759
-1.35256
0.266954
-1.3496
0.26754
-1.3496
0.26754
3.38198
1.66376
3.63517
1.80962
3.79836
1.92137
3.8453
1.98842
3.75665
2.00303
3.52359
1.96165
3.15023
1.86569
2.65414
1.7216
2.06489
1.54016
1.42051
1.33505
0.762672
1.12113
0.13145
0.912514
-0.43937
0.721012
-0.925592
0.555079
-1.31408
0.419397
-1.60237
0.315083
-1.79685
0.240349
-1.91009
0.191417
-1.95791
0.163467
-1.9568
0.151452
-1.92204
0.150701
-1.86648
0.157271
-1.80015
0.168081
-1.73023
0.180897
-1.66148
0.194212
-1.59677
0.207095
-1.53756
0.219027
-1.48441
0.229772
-1.43733
0.239268
-1.39601
0.247551
-1.36004
0.254704
-1.32896
0.260827
-1.30237
0.266019
-1.27989
0.270369
-1.26123
0.273952
-1.24617
0.276829
-1.23451
0.279054
-1.22607
0.280671
-1.22065
0.281719
-1.21805
0.282232
-1.21805
0.282232
3.38337
1.71923
3.57257
1.84421
3.65841
1.92908
3.61923
1.96476
3.44243
1.94589
3.12739
1.87186
2.68675
1.74715
2.14567
1.58099
1.53902
1.38616
0.906988
1.17729
0.289818
0.968982
-0.277087
0.774034
-0.766998
0.602144
-1.16392
0.459268
-1.46273
0.347616
-1.66776
0.266199
-1.79019
0.211706
-1.84518
0.179488
-1.84916
0.164446
-1.81764
0.161725
-1.76391
0.167139
-1.69842
0.17737
-1.62875
0.18998
-1.55993
0.20331
-1.495
0.216322
-1.43551
0.228433
-1.38206
0.239372
-1.33465
0.249059
-1.29295
0.257528
-1.2565
0.264864
-1.22482
0.271174
-1.19747
0.276565
-1.17404
0.281132
-1.15422
0.284957
-1.13776
0.288107
-1.12446
0.290639
-1.11415
0.292596
-1.10669
0.294017
-1.10191
0.294938
-1.09962
0.295389
-1.09962
0.295389
3.34822
1.76114
3.46917
1.86247
3.47669
1.91866
3.35483
1.92263
3.09838
1.8717
2.71488
1.76826
2.22466
1.61969
1.65883
1.43749
1.05538
1.23577
0.454213
1.02936
-0.107997
0.831883
-0.602057
0.654296
-1.00894
0.503918
-1.32056
0.384216
-1.53876
0.295185
-1.673
0.234148
-1.73754
0.196748
-1.74852
0.177911
-1.72169
0.172624
-1.67078
0.176454
-1.60677
0.185821
-1.53771
0.198051
-1.46899
0.211297
-1.40391
0.224389
-1.34416
0.236658
-1.29041
0.247782
-1.24267
0.257658
-1.20061
0.266307
-1.16376
0.273816
-1.13161
0.280294
-1.10366
0.285855
-1.07951
0.290602
-1.05881
0.294622
-1.04127
0.297991
-1.02668
0.300768
-1.01488
0.302999
-1.00573
0.304724
-0.999101
0.305976
-0.99486
0.306787
-0.992836
0.307183
-0.992836
0.307183
