0.0793703
0.0436174
0.0793703
0.0436174
0.0796739
0.0437519
0.0802811
0.0440221
0.0811969
0.0444311
0.0824314
0.0449837
0.0840005
0.0456869
0.0859259
0.0465504
0.0882362
0.0475864
0.0909674
0.0488108
0.0941649
0.0502432
0.0978848
0.0519085
0.102196
0.0538369
0.107184
0.0560665
0.112954
0.0586447
0.119636
0.0616307
0.127395
0.0650998
0.136437
0.0691476
0.147024
0.0738976
0.159489
0.0795097
0.174263
0.0861936
0.191905
0.0942249
0.213138
0.103968
0.238904
0.115902
0.270421
0.130657
0.309257
0.149055
0.357396
0.172144
0.417309
0.201243
0.491985
0.237962
0.584912
0.284192
0.699958
0.342051
0.841107
0.413755
1.01201
0.501391
1.21532
0.60659
1.45176
0.730097
1.71915
0.871268
2.01122
1.02758
2.3168
1.19421
2.61936
1.3639
2.89733
1.52711
3.12545
1.67262
0.0813107
0.0449997
0.0813107
0.0449997
0.0816276
0.0451422
0.0822614
0.0454287
0.0832175
0.0458623
0.084507
0.0464485
0.0861467
0.0471948
0.0881601
0.0481119
0.0905776
0.0492131
0.0934381
0.050516
0.0967904
0.052042
0.100695
0.0538185
0.105226
0.055879
0.110476
0.0582657
0.11656
0.0610312
0.12362
0.0642417
0.131835
0.0679814
0.141431
0.0723579
0.152697
0.0775102
0.166
0.0836195
0.181817
0.0909228
0.200763
0.0997326
0.223639
0.110461
0.251482
0.123649
0.285629
0.140004
0.327784
0.16044
0.380088
0.186116
0.445165
0.218468
0.526135
0.259217
0.626546
0.310344
0.750191
0.373996
0.900767
0.45232
1.08132
0.547185
1.29349
0.659807
1.53653
0.790281
1.80627
0.93707
2.09411
1.09655
2.38639
1.2627
2.66432
1.42713
2.90482
1.57941
3.08242
1.70799
0.0833112
0.0464359
0.0833112
0.0464359
0.0836419
0.0465869
0.0843034
0.0468905
0.0853017
0.0473503
0.0866486
0.047972
0.0883622
0.0487641
0.0904675
0.0497379
0.0929973
0.0509085
0.0959933
0.0522947
0.099508
0.0539204
0.103606
0.0558155
0.108369
0.0580171
0.113896
0.060572
0.120311
0.0635384
0.12777
0.0669903
0.136469
0.0710219
0.146654
0.0757538
0.158643
0.0813426
0.172841
0.0879924
0.189771
0.095971
0.210114
0.105631
0.234749
0.117435
0.264812
0.131993
0.301759
0.150091
0.347433
0.172741
0.404119
0.201211
0.474575
0.237046
0.562011
0.282066
0.669969
0.338312
0.802072
0.407915
0.961593
0.492888
1.15082
0.594798
1.37019
0.714349
1.61731
0.850885
1.88597
1.0019
2.16524
1.16265
2.43919
1.32597
2.68726
1.48246
2.88557
1.62111
3.00938
1.7304
0.0853704
0.0479258
0.0853704
0.0479258
0.0857155
0.0480858
0.0864059
0.0484075
0.0874482
0.0488948
0.0888549
0.0495541
0.0906455
0.0503945
0.0928468
0.0514286
0.095494
0.0526726
0.0986318
0.0541473
0.102317
0.0558788
0.106618
0.0579001
0.111624
0.0602523
0.117442
0.0629867
0.124206
0.0661683
0.132087
0.0698794
0.141298
0.0742251
0.152108
0.0793406
0.164865
0.0854016
0.180015
0.0926377
0.198133
0.10135
0.219965
0.111934
0.246472
0.12491
0.278895
0.140955
0.318808
0.160943
0.368185
0.185981
0.429444
0.217443
0.505448
0.256976
0.599447
0.306479
0.714902
0.368016
0.855161
0.443651
1.02294
0.535193
1.2196
0.643821
1.44423
0.769632
1.69269
0.911142
1.95666
1.06483
2.22303
1.22483
2.47395
1.38293
2.68762
1.52895
2.84019
1.65162
2.90854
1.73978
0.0874868
0.0494688
0.0874868
0.0494688
0.0878468
0.0496382
0.0885673
0.049979
0.0896552
0.0504954
0.0911242
0.0511944
0.092995
0.0520859
0.0952964
0.0531835
0.0980661
0.0545052
0.101352
0.0560736
0.105214
0.0579174
0.109729
0.0600728
0.11499
0.062585
0.121113
0.0655109
0.128245
0.0689225
0.136571
0.0729112
0.146321
0.0775941
0.157793
0.0831226
0.171365
0.0896931
0.187525
0.097563
0.206904
0.107069
0.230316
0.118655
0.25881
0.132899
0.293726
0.150552
0.336759
0.172574
0.390006
0.20017
0.455993
0.234813
0.537657
0.278239
0.638231
0.332397
0.761014
0.399336
0.908965
0.480999
1.08411
0.578913
1.28673
0.693788
1.51447
0.825031
1.76133
0.970265
2.01696
1.12493
2.26629
1.28211
2.48995
1.43269
2.66558
1.56595
2.77012
1.67066
2.78298
1.73647
0.0896581
0.051064
0.0896581
0.051064
0.0900336
0.0512434
0.0907853
0.0516043
0.0919207
0.0521513
0.0934544
0.052892
0.0954087
0.0538373
0.0978142
0.055002
0.100711
0.0564057
0.104151
0.0580731
0.1082
0.0600357
0.112937
0.0623332
0.118464
0.0650154
0.124907
0.0681451
0.132426
0.0718019
0.141218
0.0760872
0.151538
0.0811314
0.163708
0.0871031
0.178141
0.0942217
0.19537
0.102775
0.216083
0.113138
0.241165
0.125804
0.271754
0.141414
0.309292
0.160795
0.355585
0.184994
0.41284
0.21531
0.483671
0.253306
0.571044
0.300789
0.678114
0.35973
0.807928
0.432117
0.962944
0.519709
1.14436
0.623683
1.35129
0.744195
1.57979
0.879897
1.82204
1.02748
2.06576
1.18136
2.29422
1.33366
2.48705
1.47455
2.62199
1.59307
2.67759
1.67835
2.63647
1.72118
0.091882
0.0527102
0.091882
0.0527102
0.0922736
0.0529001
0.0930576
0.0532821
0.0942422
0.0538612
0.095843
0.0546458
0.0978838
0.0556476
0.100397
0.0568829
0.103427
0.0583729
0.107028
0.0601447
0.111269
0.0622328
0.116238
0.0646806
0.122044
0.0675429
0.128822
0.0708889
0.136745
0.0748064
0.146028
0.0794079
0.156946
0.084838
0.16985
0.0912842
0.18519
0.0989906
0.203546
0.108277
0.225664
0.11956
0.252504
0.133386
0.285291
0.150461
0.325567
0.171687
0.375241
0.198199
0.436614
0.231385
0.512358
0.272887
0.60542
0.324558
0.718809
0.388358
0.855229
0.466168
1.01653
0.559497
1.20297
0.669099
1.41237
0.794512
1.63918
0.933577
1.87381
1.08204
2.10225
1.23335
2.30648
1.3788
2.46568
1.50806
2.55837
1.61021
2.56541
1.67512
2.47325
1.69497
0.0941555
0.0544058
0.0941555
0.0544058
0.0945637
0.0546066
0.0953812
0.0550107
0.0966167
0.0556235
0.0982869
0.0564541
0.100417
0.0575152
0.103043
0.0588247
0.10621
0.0604054
0.109977
0.0622871
0.114419
0.0645073
0.119629
0.0671137
0.125725
0.0701663
0.132853
0.0737412
0.141198
0.0779354
0.150994
0.082873
0.162539
0.0887141
0.176213
0.0956665
0.192506
0.104001
0.212045
0.114071
0.235638
0.126339
0.264319
0.141404
0.299398
0.16004
0.342514
0.183225
0.395669
0.212179
0.461236
0.24837
0.541909
0.293503
0.640568
0.349455
0.760001
0.418135
0.902478
0.501264
1.06914
0.600042
1.2592
0.714735
1.46913
0.8442
1.69178
0.985439
1.91588
1.13327
2.12597
1.28025
2.30317
1.41702
2.42677
1.53299
2.47675
1.61759
2.43685
1.66168
2.29777
1.65913
0.0964753
0.0561488
0.0964753
0.0561488
0.0969007
0.056361
0.0977526
0.0567882
0.0990406
0.0574362
0.100783
0.0583149
0.103006
0.0594381
0.105747
0.0608251
0.109056
0.062501
0.112996
0.0644979
0.117646
0.0668571
0.123107
0.0696303
0.129504
0.0728835
0.136995
0.0767002
0.14578
0.081187
0.156112
0.0864808
0.168312
0.0927583
0.182792
0.100249
0.200081
0.109252
0.220856
0.120157
0.245989
0.133473
0.276588
0.149855
0.314045
0.170144
0.360088
0.195397
0.416797
0.226909
0.486594
0.266221
0.57216
0.315083
0.676246
0.375365
0.801351
0.448887
0.949222
0.537156
1.12019
0.641004
1.31237
0.760149
1.52083
0.892729
1.73688
1.03489
1.94774
1.18057
2.13682
1.32156
2.28483
1.44802
2.37175
1.54937
2.37959
1.61566
2.29548
1.63902
2.11452
1.61515
0.0988376
0.0579367
0.0988376
0.0579367
0.0992806
0.0581608
0.100168
0.0586121
0.10151
0.0592968
0.103326
0.0602256
0.105644
0.0614136
0.108505
0.0628817
0.111961
0.064657
0.116079
0.0667746
0.120944
0.0692793
0.126664
0.0722277
0.133374
0.0756917
0.141243
0.079763
0.150486
0.0845585
0.161374
0.0902286
0.174256
0.096968
0.189576
0.105029
0.207903
0.114741
0.229967
0.126532
0.2567
0.140957
0.289284
0.158732
0.329193
0.180763
0.37823
0.208182
0.438539
0.242355
0.512562
0.284882
0.602925
0.337537
0.712195
0.402153
0.842507
0.480416
0.995006
0.573571
1.16914
0.682026
1.36186
0.804903
1.56685
0.939591
1.77396
1.0814
1.96914
1.22346
2.13502
1.35693
2.25238
1.4717
2.30241
1.55745
2.26965
1.6051
2.14491
1.60828
1.92778
1.56462
0.101238
0.0597666
0.101238
0.0597666
0.101699
0.0600031
0.102623
0.0604794
0.104021
0.0612023
0.105913
0.0621832
0.108329
0.0634387
0.111313
0.0649912
0.11492
0.0668702
0.119221
0.0691138
0.124309
0.0717706
0.130297
0.0749023
0.137329
0.0785873
0.145589
0.0829258
0.155305
0.0880458
0.166772
0.0941123
0.180362
0.101339
0.196553
0.110002
0.215958
0.120462
0.239357
0.133188
0.267746
0.148783
0.302375
0.168021
0.344793
0.191877
0.396871
0.221549
0.460794
0.258469
0.538998
0.304281
0.634004
0.360758
0.748144
0.429663
0.883116
0.512508
1.03939
0.610223
1.21547
0.722747
1.40713
0.848569
1.6067
0.984322
1.80272
1.12452
1.98013
1.26156
2.12113
1.38615
2.20706
1.48812
2.22082
1.55766
2.14981
1.58678
1.98873
1.57075
1.74146
1.50912
0.103672
0.0616351
0.103672
0.0616351
0.104152
0.0618845
0.105113
0.0623866
0.106568
0.0631491
0.108537
0.0641842
0.111054
0.0655097
0.114164
0.0671499
0.117926
0.0691368
0.122417
0.0715115
0.127732
0.0743267
0.133996
0.0776497
0.141362
0.0815656
0.150024
0.0861838
0.16023
0.0916439
0.172295
0.0981262
0.186617
0.105864
0.20371
0.11516
0.224228
0.126407
0.249004
0.140115
0.279096
0.156937
0.315819
0.177705
0.360789
0.203458
0.415932
0.235459
0.483453
0.275194
0.565746
0.324332
0.665189
0.384623
0.783815
0.457725
0.922827
0.544933
1.08196
0.646822
1.25873
0.762815
1.44774
0.89075
1.64004
1.02651
1.82306
1.16387
1.98097
1.29463
2.09599
1.40919
2.1504
1.49756
2.12921
1.55063
2.02299
1.5617
1.8303
1.52773
1.559
1.45021
0.106134
0.0635384
0.106134
0.0635384
0.106633
0.063801
0.107632
0.06433
0.109145
0.0651333
0.111194
0.0662244
0.113814
0.0676224
0.117053
0.0693535
0.120974
0.0714521
0.125658
0.0739628
0.131208
0.0769427
0.137755
0.0804646
0.145462
0.084621
0.15454
0.0895308
0.16525
0.095346
0.17793
0.102263
0.193007
0.110536
0.211028
0.120494
0.232692
0.132565
0.258883
0.147299
0.290716
0.1654
0.32957
0.187758
0.377119
0.215472
0.435326
0.249863
0.506395
0.292459
0.592645
0.344938
0.696263
0.408997
0.818935
0.486158
0.961309
0.577458
1.12234
0.683075
1.29854
0.801892
1.48336
0.931082
1.66671
1.06581
1.83507
1.19919
1.97219
1.32254
2.06065
1.42616
2.08409
1.5004
2.02991
1.53709
1.89199
1.53091
1.67263
1.48057
1.38329
1.38935
0.108618
0.065472
0.108618
0.065472
0.109136
0.0657483
0.110175
0.0663049
0.111747
0.0671504
0.113877
0.0682992
0.116602
0.069772
0.119973
0.0715968
0.124056
0.073811
0.128938
0.0764624
0.134727
0.0796128
0.141564
0.0833408
0.149622
0.0877469
0.159125
0.0929597
0.170352
0.0991443
0.183664
0.106514
0.199515
0.115345
0.218489
0.125993
0.241326
0.138922
0.268962
0.154723
0.302567
0.174151
0.343576
0.19815
0.393711
0.227878
0.454957
0.264704
0.529493
0.310186
0.619525
0.365989
0.727012
0.433734
0.853238
0.51477
0.998253
0.609843
1.16019
0.718701
1.33458
0.839665
1.51377
0.969251
1.68667
1.10195
1.83904
1.2303
1.95451
1.3453
2.01636
1.43729
2.0099
1.49719
1.92519
1.51787
1.75941
1.49551
1.51836
1.43053
1.21658
1.32784
0.111119
0.0674312
0.111119
0.0674312
0.111656
0.0677215
0.112734
0.0683064
0.114367
0.0691953
0.116579
0.0704034
0.119411
0.0719531
0.122916
0.0738745
0.127164
0.0762075
0.132247
0.079004
0.138281
0.0823303
0.145414
0.0862713
0.15383
0.0909355
0.163767
0.096462
0.175523
0.10303
0.18948
0.110869
0.206123
0.120278
0.22607
0.131643
0.250103
0.14546
0.279207
0.162365
0.314604
0.183161
0.357779
0.208846
0.410489
0.240627
0.474725
0.279917
0.552614
0.328286
0.646219
0.387368
0.757225
0.458681
0.886476
0.543369
1.03339
0.641855
1.19526
0.753433
1.36665
0.875854
1.5389
1.005
1.70005
1.13474
1.83542
1.25714
1.92879
1.36302
1.96446
1.44295
1.92967
1.48854
1.81725
1.49386
1.62758
1.4566
1.36967
1.3788
1.06057
1.26682
0.113629
0.0694105
0.113629
0.0694105
0.114186
0.0697151
0.115304
0.0703291
0.116997
0.0712623
0.119293
0.0725313
0.122234
0.0741597
0.125874
0.0761801
0.13029
0.0786352
0.135578
0.0815807
0.14186
0.0850878
0.149293
0.089248
0.158074
0.0941782
0.168453
0.100028
0.180748
0.106991
0.195363
0.115315
0.212812
0.125322
0.233747
0.137426
0.258993
0.152159
0.28958
0.170199
0.326779
0.192398
0.372116
0.219802
0.427372
0.253665
0.494525
0.295428
0.575624
0.346664
0.672558
0.408951
0.786702
0.483679
0.918423
0.571762
1.06647
0.673272
1.22733
0.78703
1.39461
0.91022
1.55875
1.03812
1.70713
1.16405
1.82481
1.27972
1.89603
1.37591
1.90636
1.44356
1.84518
1.47515
1.70808
1.46596
1.49852
1.41521
1.22828
1.32643
0.916387
1.20723
0.116141
0.0714041
0.116141
0.0714041
0.116718
0.0717234
0.117876
0.0723669
0.119631
0.0733454
0.122012
0.0746764
0.125061
0.0763853
0.128839
0.0785068
0.133425
0.0810867
0.13892
0.0841847
0.145454
0.0878771
0.153191
0.092262
0.162341
0.097465
0.173169
0.103647
0.18601
0.111016
0.201292
0.119839
0.219557
0.13046
0.241492
0.143323
0.267962
0.158996
0.300041
0.178198
0.33904
0.201826
0.386522
0.230972
0.444276
0.266929
0.514251
0.311159
0.598391
0.365216
0.698382
0.430609
0.815257
0.508572
0.948877
0.599764
1.09732
0.703884
1.25625
0.819276
1.41842
0.942566
1.57347
1.06847
1.70829
1.18985
1.80791
1.29816
1.85729
1.38428
1.84348
1.43966
1.7581
1.45772
1.59947
1.43505
1.37388
1.37229
1.09546
1.27435
0.784636
1.14983
0.118648
0.0734056
0.118648
0.0734056
0.119245
0.0737398
0.120444
0.0744134
0.122261
0.0754379
0.124726
0.076832
0.127886
0.0786227
0.131802
0.0808472
0.136559
0.0835543
0.142262
0.0868076
0.14905
0.090689
0.157095
0.0953034
0.166618
0.100785
0.177899
0.107307
0.191291
0.115092
0.207247
0.124424
0.226335
0.135674
0.249277
0.149313
0.276976
0.165945
0.310545
0.186329
0.351333
0.211404
0.400927
0.242305
0.461115
0.280356
0.533794
0.327025
0.620784
0.383839
0.723539
0.452212
0.842723
0.533204
0.977673
0.627196
1.12579
0.733503
1.28195
0.849986
1.43812
0.97274
1.58329
1.09597
1.70399
1.21216
1.7855
1.31264
1.81366
1.38848
1.77719
1.43179
1.66998
1.43699
1.49298
1.40195
1.25498
1.3287
0.972056
1.22332
0.665505
1.09521
0.121141
0.0754084
0.121141
0.0754084
0.121759
0.0757576
0.122998
0.0764616
0.124877
0.0775327
0.127428
0.0789907
0.130698
0.0808643
0.134753
0.0831931
0.139681
0.0860292
0.145594
0.0894403
0.152637
0.0935136
0.160991
0.0983613
0.170889
0.104127
0.182626
0.110995
0.196573
0.119202
0.213205
0.129054
0.23312
0.140943
0.257071
0.155372
0.285996
0.172976
0.321046
0.194555
0.3636
0.221087
0.415261
0.253745
0.477801
0.293873
0.55305
0.34294
0.64268
0.402425
0.74789
0.473631
0.868955
0.557426
1.00468
0.653895
1.15179
0.761962
1.30443
0.879012
1.45384
1.00064
1.5885
1.1206
1.69479
1.23109
1.7584
1.32339
1.76624
1.38894
1.70878
1.42054
1.58219
1.41366
1.38987
1.36746
1.1428
1.28519
0.858538
1.17398
0.558821
1.04378
0.123612
0.0774051
0.123612
0.0774051
0.12425
0.0777695
0.12553
0.0785042
0.127471
0.0796222
0.130107
0.0811446
0.133487
0.0831019
0.137682
0.0855361
0.142781
0.0885024
0.148904
0.0920729
0.156202
0.0963405
0.164866
0.101424
0.17514
0.107477
0.187333
0.114695
0.201836
0.123331
0.219145
0.13371
0.239885
0.146247
0.264841
0.161473
0.294984
0.180058
0.331497
0.202838
0.375784
0.230829
0.429453
0.265232
0.49425
0.307409
0.571917
0.358814
0.663963
0.420866
0.771311
0.494741
0.893832
0.581097
1.02979
0.679713
1.17527
0.789118
1.32372
0.906241
1.46577
1.02621
1.5895
1.14239
1.68131
1.24678
1.72746
1.33073
1.71608
1.3861
1.63945
1.40648
1.49593
1.38841
1.29116
1.33226
1.038
1.2424
0.755064
1.12679
0.464131
0.995789
0.126053
0.0793881
0.126053
0.0793881
0.126711
0.0797677
0.128032
0.0805333
0.130034
0.0816984
0.132755
0.0832855
0.136245
0.0853269
0.140578
0.0878669
0.145848
0.0909642
0.15218
0.0946952
0.159732
0.0991582
0.168705
0.10448
0.179353
0.110822
0.192001
0.118394
0.207058
0.127462
0.225041
0.138371
0.246601
0.15156
0.272553
0.167588
0.303899
0.187157
0.341848
0.211137
0.387824
0.240578
0.443432
0.276705
0.510376
0.320889
0.5903
0.374557
0.684529
0.439055
0.793695
0.515421
0.917258
0.604086
1.05295
0.70452
1.19623
0.814858
1.33993
0.931593
1.47415
1.04943
1.5867
1.16142
1.66417
1.25942
1.69351
1.33497
1.66417
1.38042
1.57024
1.39018
1.41218
1.36187
1.19763
1.29696
0.940968
1.20084
0.661526
1.08213
0.380778
0.951389
0.128455
0.0813496
0.128455
0.0813496
0.129132
0.0817444
0.130493
0.0825407
0.132557
0.0837529
0.135361
0.0854046
0.13896
0.0875301
0.14343
0.090176
0.14887
0.0934044
0.155409
0.0972959
0.163213
0.101955
0.172492
0.107515
0.183513
0.114147
0.196612
0.122073
0.212217
0.131575
0.230867
0.143016
0.253239
0.156858
0.280173
0.173687
0.312698
0.194237
0.35205
0.21941
0.399663
0.250282
0.457129
0.288102
0.526101
0.334236
0.608109
0.390079
0.704283
0.456891
0.814953
0.535557
0.939163
0.626276
1.07412
0.728204
1.21472
0.839094
1.35321
0.955027
1.47927
1.07033
1.58059
1.17781
1.64402
1.26926
1.65736
1.33648
1.61143
1.37237
1.50209
1.3722
1.33175
1.3346
1.10981
1.26209
0.85186
1.16093
0.577609
1.04022
0.307966
0.910609
0.130808
0.0832812
0.130808
0.0832812
0.131505
0.0836911
0.132905
0.084518
0.135029
0.085777
0.137916
0.087493
0.141623
0.0897021
0.146227
0.0924534
0.151835
0.0958123
0.158579
0.0998638
0.166632
0.104718
0.176213
0.110515
0.1876
0.117438
0.201145
0.125717
0.217292
0.135651
0.236599
0.147622
0.259768
0.162114
0.287664
0.179739
0.321341
0.201261
0.362054
0.22761
0.411241
0.259889
0.470476
0.299357
0.541348
0.347375
0.625263
0.405293
0.723144
0.474275
0.835014
0.555045
0.959505
0.647564
1.09333
0.750675
1.23082
0.861763
1.36375
0.97653
1.48147
1.08898
1.57163
1.1917
1.6215
1.27655
1.61978
1.33562
1.55868
1.3624
1.43578
1.35302
1.25526
1.3071
1.02804
1.22809
0.770638
1.12297
0.502846
1.00122
0.244813
0.873401
0.133103
0.0851744
0.133103
0.0851744
0.133819
0.0855993
0.135257
0.0864564
0.137441
0.0877617
0.140409
0.0895413
0.144221
0.0918331
0.148959
0.0946887
0.15473
0.0981768
0.161675
0.102387
0.169973
0.107434
0.179851
0.113467
0.191599
0.120677
0.205581
0.129307
0.222258
0.13967
0.24221
0.152165
0.266158
0.1673
0.294991
0.185712
0.329786
0.208191
0.37181
0.235692
0.422503
0.269342
0.483409
0.310407
0.556047
0.360232
0.64169
0.420115
0.741044
0.491116
0.853826
0.573791
0.978263
0.667861
1.11059
0.771863
1.24465
0.882831
1.37178
0.99612
1.4811
1.10545
1.56032
1.20329
1.59722
1.28158
1.58146
1.33275
1.50663
1.35094
1.37193
1.33312
1.18316
1.27981
0.952499
1.19532
0.697108
1.08719
0.436664
0.965175
0.190405
0.839654
0.13533
0.0870206
0.13533
0.0870206
0.136065
0.0874601
0.137541
0.0883469
0.139782
0.0896978
0.14283
0.0915399
0.146744
0.0939131
0.151612
0.0968714
0.157544
0.100487
0.164685
0.104853
0.173222
0.110091
0.183391
0.116356
0.19549
0.123849
0.209899
0.132824
0.227094
0.143609
0.247673
0.156621
0.272377
0.172388
0.302118
0.191572
0.33799
0.214986
0.381271
0.243611
0.433394
0.278588
0.495869
0.321188
0.570135
0.372734
0.657326
0.434464
0.75793
0.507328
0.871356
0.59171
0.995441
0.687093
1.12597
0.791715
1.25635
0.902285
1.37755
1.01384
1.47852
1.11988
1.54715
1.21277
1.57177
1.28461
1.54306
1.32823
1.45591
1.33841
1.31108
1.31291
1.11576
1.25311
0.883196
1.16404
0.630962
1.05375
0.378425
0.932087
0.143826
0.809213
0.13748
0.0888109
0.13748
0.0888109
0.138233
0.0892648
0.139746
0.0901806
0.142043
0.0915759
0.145168
0.0934792
0.149182
0.0959319
0.154175
0.0989906
0.160263
0.102731
0.167595
0.107249
0.176364
0.112674
0.186815
0.119167
0.199256
0.126936
0.214079
0.13625
0.231776
0.147448
0.252961
0.160966
0.278396
0.17735
0.30901
0.197285
0.345913
0.221607
0.390389
0.251318
0.443861
0.287572
0.507798
0.331638
0.583553
0.384811
0.672117
0.448264
0.773758
0.522834
0.887586
0.608729
1.01106
0.7052
1.13956
0.810201
1.26608
0.920133
1.3813
1.02976
1.47409
1.13238
1.53258
1.22036
1.5457
1.28595
1.50512
1.32241
1.40705
1.32517
1.2536
1.29274
1.05325
1.22729
0.820046
1.13447
0.571812
1.02271
0.327461
0.901901
0.104189
0.781894
0.139544
0.0905364
0.139544
0.0905364
0.140315
0.0910042
0.141863
0.0919482
0.144214
0.0933867
0.147412
0.0953494
0.151523
0.0978794
0.156638
0.101036
0.162876
0.104896
0.170392
0.109564
0.179385
0.11517
0.190107
0.121884
0.202878
0.129923
0.2181
0.139565
0.23628
0.151165
0.258048
0.165173
0.284184
0.182156
0.315632
0.202817
0.353515
0.228015
0.399122
0.258769
0.453857
0.296242
0.519145
0.341697
0.596252
0.396396
0.68602
0.461446
0.788501
0.537563
0.902515
0.624787
1.02517
0.722138
1.15145
0.827302
1.27402
0.936403
1.38332
1.04396
1.4682
1.14312
1.51706
1.22627
1.5195
1.28587
1.46815
1.31562
1.36045
1.31156
1.19979
1.27294
0.995688
1.20261
0.762871
1.10677
0.519218
0.994124
0.283098
0.874524
0.0706549
0.757497
0.141512
0.0921882
0.141512
0.0921882
0.142299
0.0926694
0.143882
0.0936406
0.146284
0.0951207
0.149554
0.0971406
0.153757
0.0997451
0.158988
0.102995
0.165369
0.106973
0.173062
0.111784
0.182269
0.117565
0.193252
0.124492
0.206338
0.132791
0.221943
0.142751
0.240584
0.154738
0.262908
0.169218
0.28971
0.186776
0.32195
0.208135
0.360759
0.234171
0.407425
0.265917
0.463335
0.304545
0.529863
0.351306
0.608186
0.407428
0.698998
0.473944
0.802141
0.551456
0.916154
0.639831
1.03782
0.737873
1.16177
0.843019
1.28037
0.951135
1.38388
1.05653
1.46118
1.15225
1.50101
1.23071
1.49362
1.28464
1.43258
1.30815
1.31648
1.2979
1.14983
1.25378
0.943082
1.17927
0.711435
1.08104
0.472713
0.967974
0.24468
0.84984
0.0424455
0.735813
0.143375
0.0937575
0.143375
0.0937575
0.144178
0.0942515
0.145792
0.0952487
0.148244
0.0967686
0.151581
0.0988432
0.155872
0.101519
0.161213
0.104859
0.167732
0.108948
0.175592
0.113896
0.185003
0.119845
0.196233
0.126976
0.209619
0.135524
0.225586
0.145787
0.244665
0.158145
0.267516
0.173076
0.294947
0.191183
0.327931
0.213204
0.367608
0.240035
0.41526
0.27272
0.472253
0.312433
0.539911
0.360412
0.619318
0.417849
0.711025
0.485702
0.814669
0.564457
0.928528
0.653819
1.04907
0.752386
1.17064
0.857361
1.28532
0.964384
1.38324
1.06759
1.45338
1.15993
1.48482
1.23392
1.46845
1.28252
1.39877
1.30029
1.2754
1.28444
1.10386
1.23548
0.895357
1.15743
0.665457
1.05734
0.431824
0.944225
0.211583
0.827718
0.0188506
0.716637
0.145123
0.0952356
0.145123
0.0952356
0.145942
0.0957418
0.147586
0.0967635
0.150084
0.0983211
0.153485
0.100448
0.157858
0.103191
0.163304
0.106616
0.169951
0.110811
0.177969
0.115889
0.187573
0.121996
0.199036
0.129322
0.212704
0.138106
0.229012
0.148656
0.248502
0.161364
0.271846
0.176722
0.299866
0.195347
0.333545
0.217994
0.374026
0.24557
0.422589
0.279133
0.480573
0.319856
0.549251
0.368963
0.629616
0.427603
0.72208
0.496665
0.826087
0.57652
0.939667
0.666718
1.05902
0.765665
1.17819
0.87035
1.28906
0.976212
1.38167
1.07723
1.44511
1.16633
1.46882
1.23609
1.44434
1.27974
1.36702
1.29228
1.23741
1.27142
1.06192
1.21823
0.852396
1.13721
0.624637
1.0357
0.396087
0.922818
0.183224
0.808019
-0.000768739
0.69977
0.146749
0.096614
0.146749
0.096614
0.147581
0.0971316
0.149254
0.0981763
0.151795
0.0997692
0.155255
0.101944
0.159705
0.104751
0.165248
0.108256
0.172016
0.11255
0.180181
0.11775
0.189964
0.124006
0.201644
0.131513
0.215575
0.140518
0.2322
0.151338
0.252072
0.164375
0.275875
0.180132
0.304441
0.199241
0.338761
0.222471
0.379983
0.250741
0.429377
0.285117
0.488258
0.326772
0.557849
0.37691
0.639053
0.436643
0.732151
0.506786
0.836402
0.587605
0.949613
0.678503
1.06773
0.777707
1.18455
0.882015
1.29179
0.986687
1.37942
1.08558
1.43667
1.17159
1.45335
1.23741
1.42161
1.27654
1.33758
1.28435
1.20266
1.25904
1.02403
1.20219
0.814051
1.11869
0.588668
1.01614
0.365059
0.903683
0.15907
0.790602
-0.0169799
0.685026
0.148243
0.0978845
0.148243
0.0978845
0.149088
0.0984126
0.150787
0.0994787
0.153368
0.101104
0.156882
0.103324
0.161404
0.106189
0.167036
0.109769
0.173914
0.114155
0.182215
0.119468
0.192163
0.125862
0.204043
0.133537
0.218216
0.142747
0.235134
0.153817
0.255357
0.167157
0.279581
0.183284
0.308646
0.202839
0.343551
0.226605
0.385446
0.255513
0.435591
0.290634
0.495278
0.333136
0.565677
0.384209
0.647608
0.444922
0.741227
0.516024
0.845627
0.597679
0.958407
0.689154
1.07528
0.788516
1.18986
0.892389
1.29368
0.99588
1.37671
1.09275
1.42831
1.17588
1.43868
1.23808
1.40051
1.2731
1.31064
1.27669
1.17125
1.24748
0.990164
1.18748
0.780155
1.10194
0.557246
0.998644
0.338325
0.886739
0.138639
0.775333
-0.0302812
0.672233
0.149597
0.0990392
0.149597
0.0990392
0.150454
0.0995769
0.152176
0.100662
0.154793
0.102318
0.158357
0.104579
0.162943
0.107497
0.168657
0.111145
0.175636
0.115614
0.18406
0.12103
0.194158
0.12755
0.20622
0.135379
0.220613
0.144776
0.237795
0.156073
0.258337
0.16969
0.282942
0.186153
0.312457
0.206115
0.34789
0.230368
0.390388
0.259854
0.441204
0.295646
0.501603
0.33891
0.572708
0.390817
0.655263
0.452399
0.749306
0.524341
0.853778
0.606713
0.966094
0.698658
1.08177
0.798099
1.19424
0.901508
1.29491
1.00386
1.37375
1.09883
1.42029
1.17933
1.42505
1.23826
1.38126
1.26962
1.28638
1.26948
1.14326
1.23689
0.960279
1.17421
0.750538
1.087
0.530084
0.983186
0.315509
0.871905
0.121503
0.762084
-0.0411059
0.661234
0.150803
0.10007
0.150803
0.10007
0.15167
0.100617
0.153414
0.10172
0.156063
0.103402
0.159672
0.1057
0.164315
0.108666
0.170101
0.112374
0.17717
0.116919
0.185705
0.122427
0.195936
0.12906
0.208161
0.137026
0.22275
0.146591
0.240168
0.158092
0.260994
0.171957
0.285937
0.188721
0.315853
0.209045
0.351751
0.233733
0.394782
0.263732
0.446186
0.30012
0.507207
0.344058
0.578921
0.396698
0.662001
0.459038
0.756384
0.531704
0.860873
0.614681
0.972721
0.707004
1.08727
0.806466
1.1978
0.909408
1.29564
1.01069
1.37075
1.10394
1.41282
1.18206
1.41269
1.23809
1.36404
1.26623
1.26493
1.26287
1.11874
1.22737
0.934315
1.16245
0.72503
1.07389
0.506914
0.96974
0.296272
0.859104
0.107287
0.750738
-0.0498262
0.651891
0.151855
0.100971
0.151855
0.100971
0.152731
0.101525
0.154493
0.102643
0.157171
0.104349
0.160817
0.106679
0.165512
0.109687
0.171361
0.113448
0.178509
0.118059
0.187139
0.123648
0.197487
0.13038
0.209853
0.138467
0.224613
0.148178
0.242237
0.159858
0.26331
0.17394
0.288547
0.190966
0.318811
0.211608
0.355113
0.236675
0.398603
0.267121
0.450514
0.304025
0.512065
0.348545
0.584295
0.401817
0.667812
0.464805
0.762461
0.538083
0.866929
0.621563
0.978328
0.714184
1.09186
0.813627
1.20066
0.916123
1.296
1.01644
1.36787
1.10816
1.40608
1.1842
1.40177
1.23772
1.34903
1.26309
1.24638
1.25698
1.09769
1.21905
0.912206
1.15226
0.703474
1.06263
0.487498
0.958276
0.280316
0.848261
0.0956673
0.741191
-0.0567585
0.644083
0.152744
0.101735
0.152744
0.101735
0.153628
0.102295
0.155406
0.103426
0.158108
0.105152
0.161787
0.107509
0.166524
0.110553
0.172427
0.114359
0.179641
0.119026
0.188353
0.124684
0.1988
0.1315
0.211286
0.139689
0.22619
0.149525
0.243989
0.161356
0.26527
0.175622
0.290756
0.192872
0.321312
0.213782
0.357955
0.239169
0.401831
0.269992
0.454165
0.307333
0.516157
0.352342
0.588811
0.406141
0.672681
0.469668
0.767536
0.543452
0.871961
0.62734
0.982952
0.72019
1.09559
0.819592
1.20291
0.921684
1.29613
1.02116
1.36526
1.11157
1.40024
1.18584
1.39245
1.23724
1.33634
1.26031
1.23081
1.25192
1.08015
1.21199
0.893887
1.14371
0.685727
1.05323
0.471626
0.948762
0.267386
0.839312
0.0863715
0.733353
-0.0621675
0.63771
0.153466
0.102355
0.153466
0.102355
0.154356
0.102921
0.156146
0.104063
0.158867
0.105804
0.162573
0.108184
0.167345
0.111257
0.173292
0.1151
0.180559
0.119812
0.189337
0.125526
0.199865
0.13241
0.212448
0.140682
0.22747
0.15062
0.245409
0.162574
0.26686
0.17699
0.292547
0.194421
0.32334
0.215548
0.360257
0.241195
0.404444
0.272324
0.457117
0.310017
0.519462
0.35542
0.592453
0.409643
0.6766
0.473601
0.771608
0.547786
0.875983
0.631993
0.986626
0.725014
1.09852
0.824366
1.20463
0.926114
1.29612
1.0249
1.36303
1.11422
1.39542
1.18707
1.38486
1.23676
1.32607
1.25797
1.21829
1.24777
1.06612
1.20626
0.8793
1.13681
0.671667
1.0457
0.459122
0.941173
0.257271
0.832203
0.0791749
0.727152
-0.0662684
0.632688
0.154013
0.102827
0.154013
0.102827
0.154908
0.103397
0.156708
0.104546
0.159444
0.1063
0.16317
0.108697
0.167968
0.111792
0.173948
0.115663
0.181257
0.12041
0.190084
0.126166
0.200673
0.133102
0.21333
0.141438
0.228441
0.151453
0.246488
0.163501
0.268067
0.17803
0.293906
0.195598
0.324878
0.216892
0.362003
0.242736
0.406424
0.274096
0.459353
0.312055
0.521962
0.357755
0.595205
0.412298
0.679556
0.476579
0.774674
0.551063
0.879001
0.635505
0.98937
0.728649
1.1007
0.827954
1.20588
0.929431
1.29605
1.02768
1.36129
1.11618
1.39172
1.18794
1.37909
1.23634
1.3183
1.25616
1.20887
1.24461
1.05559
1.20192
0.868396
1.13161
0.661196
1.04004
0.449848
0.935487
0.249807
0.826892
0.073903
0.722532
-0.069228
0.628956
0.154382
0.103145
0.154382
0.103145
0.15528
0.103718
0.157087
0.104873
0.159832
0.106635
0.163572
0.109043
0.168387
0.112153
0.17439
0.116042
0.181726
0.120813
0.190588
0.126598
0.201218
0.133569
0.213924
0.141948
0.229095
0.152014
0.247214
0.164126
0.268879
0.178732
0.294821
0.196393
0.325914
0.217797
0.363178
0.243774
0.407756
0.27529
0.460856
0.313428
0.523642
0.359328
0.597052
0.414084
0.681538
0.478581
0.776726
0.553264
0.881019
0.637861
0.9912
0.731084
1.10214
0.830352
1.20669
0.931643
1.29598
1.02953
1.3601
1.11748
1.38923
1.1885
1.37521
1.23603
1.3131
1.25493
1.20257
1.24247
1.04856
1.19901
0.86114
1.12813
0.654242
1.03626
0.443704
0.931694
0.244876
0.823355
0.0704336
0.719459
-0.071162
0.626476
0.154568
0.103306
0.154568
0.103306
0.155468
0.10388
0.157277
0.105038
0.160028
0.106804
0.163775
0.109218
0.168599
0.112336
0.174612
0.116234
0.181963
0.121017
0.190842
0.126816
0.201492
0.133805
0.214224
0.142205
0.229425
0.152298
0.24758
0.164441
0.269288
0.179086
0.295282
0.196793
0.326435
0.218254
0.36377
0.244298
0.408427
0.275892
0.461613
0.31412
0.524488
0.36012
0.597981
0.414984
0.682535
0.479589
0.777758
0.554371
0.882032
0.639046
0.992118
0.732307
1.10286
0.831557
1.2071
0.932752
1.29595
1.03045
1.3595
1.11812
1.38797
1.18878
1.37326
1.23588
1.31049
1.25431
1.19941
1.2414
1.04505
1.19754
0.857511
1.12638
0.650768
1.03436
0.440636
0.929793
0.242415
0.821582
0.0687008
0.717918
-0.07213
0.625232
0.154568
0.103306
0.154568
0.103306
0.155468
0.10388
0.157277
0.105038
0.160028
0.106804
0.163775
0.109218
0.168599
0.112336
0.174612
0.116234
0.181963
0.121017
0.190842
0.126816
0.201492
0.133805
0.214224
0.142205
0.229425
0.152298
0.24758
0.164441
0.269288
0.179086
0.295282
0.196793
0.326435
0.218254
0.36377
0.244298
0.408427
0.275892
0.461613
0.31412
0.524488
0.36012
0.597981
0.414984
0.682535
0.479589
0.777758
0.554371
0.882032
0.639046
0.992118
0.732307
1.10286
0.831557
1.2071
0.932752
1.29595
1.03045
1.3595
1.11812
1.38797
1.18878
1.37326
1.23588
1.31049
1.25431
1.19941
1.2414
1.04505
1.19754
0.857511
1.12638
0.650768
1.03436
0.440636
0.929793
0.242415
0.821582
0.0687008
0.717918
-0.07213
0.625232
