0.0454447
0.0215773
0.0454447
0.0215773
0.0455477
0.0216082
0.045753
0.0216701
0.046061
0.0217633
0.0464727
0.021888
0.0469905
0.022045
0.0476176
0.0222349
0.0483582
0.0224587
0.0492175
0.0227175
0.050202
0.0230129
0.0513193
0.0233466
0.0525784
0.0237206
0.0539896
0.0241371
0.0555649
0.0245991
0.0573182
0.0251095
0.0592654
0.0256719
0.0614244
0.0262905
0.0638161
0.0269697
0.0664643
0.027715
0.069396
0.0285323
0.0726425
0.0294284
0.0762395
0.0304112
0.0802281
0.0314895
0.0846558
0.0326736
0.0895773
0.0339753
0.0950564
0.035408
0.101167
0.0369875
0.107994
0.0387319
0.11564
0.0406622
0.124223
0.0428032
0.133882
0.0451838
0.144783
0.0478383
0.157123
0.0508071
0.171137
0.0541386
0.18711
0.0578908
0.205385
0.0621336
0.22638
0.0669522
0.250608
0.0724507
0.278702
0.0787579
0.311453
0.0860342
0.0454447
0.0215773
0.0454447
0.0215773
0.0455477
0.0216082
0.045753
0.0216701
0.046061
0.0217633
0.0464727
0.021888
0.0469905
0.022045
0.0476176
0.0222349
0.0483582
0.0224587
0.0492175
0.0227175
0.050202
0.0230129
0.0513193
0.0233466
0.0525784
0.0237206
0.0539896
0.0241371
0.0555649
0.0245991
0.0573182
0.0251095
0.0592654
0.0256719
0.0614244
0.0262905
0.0638161
0.0269697
0.0664643
0.027715
0.069396
0.0285323
0.0726425
0.0294284
0.0762395
0.0304112
0.0802281
0.0314895
0.0846558
0.0326736
0.0895773
0.0339753
0.0950564
0.035408
0.101167
0.0369875
0.107994
0.0387319
0.11564
0.0406622
0.124223
0.0428032
0.133882
0.0451838
0.144783
0.0478383
0.157123
0.0508071
0.171137
0.0541386
0.18711
0.0578908
0.205385
0.0621336
0.22638
0.0669522
0.250608
0.0724507
0.278702
0.0787579
0.311453
0.0860342
0.0454808
0.0215978
0.0454808
0.0215978
0.045584
0.0216288
0.0457896
0.0216909
0.0460981
0.0217842
0.0465105
0.0219093
0.0470293
0.0220666
0.0476575
0.022257
0.0483994
0.0224812
0.0492603
0.0227407
0.0502466
0.0230368
0.051366
0.0233713
0.0526274
0.0237461
0.0540414
0.0241637
0.0556199
0.0246268
0.0573768
0.0251386
0.059328
0.0257025
0.0614917
0.0263227
0.0638887
0.0270038
0.0665429
0.0277512
0.0694816
0.0285709
0.072736
0.0294697
0.0763421
0.0304555
0.0803411
0.0315373
0.0847809
0.0327254
0.0897165
0.0340316
0.0952117
0.0354695
0.101341
0.0370549
0.108191
0.038806
0.115863
0.0407442
0.124476
0.0428944
0.134171
0.0452858
0.145116
0.047953
0.157507
0.0509368
0.171585
0.0542861
0.187634
0.0580597
0.206002
0.0623285
0.227111
0.0671786
0.251481
0.0727161
0.279755
0.0790719
0.312731
0.0864093
0.0455524
0.0216387
0.0455524
0.0216387
0.0456559
0.0216699
0.0458623
0.0217322
0.0461718
0.021826
0.0465856
0.0219516
0.0471062
0.0221096
0.0477366
0.0223008
0.0484811
0.0225261
0.0493451
0.0227868
0.050335
0.0230843
0.0514586
0.0234203
0.0527248
0.023797
0.0541442
0.0242167
0.0557289
0.0246821
0.0574929
0.0251964
0.0594522
0.0257633
0.0616252
0.0263868
0.0640328
0.0270717
0.066699
0.0278233
0.0696514
0.0286477
0.0729215
0.0295519
0.0765456
0.0305439
0.0805655
0.0316326
0.0850293
0.0328285
0.0899927
0.0341437
0.0955203
0.0355919
0.101687
0.0371892
0.108581
0.038954
0.116305
0.0409081
0.124979
0.0430767
0.134747
0.0454897
0.145778
0.0481822
0.158273
0.0511961
0.172476
0.0545813
0.188677
0.058398
0.207232
0.062719
0.228571
0.067633
0.253228
0.0732493
0.28186
0.0797034
0.315292
0.0871646
0.045659
0.0216999
0.045659
0.0216999
0.0457631
0.0217312
0.0459705
0.0217939
0.0462816
0.0218883
0.0466976
0.0220148
0.0472208
0.0221739
0.0478545
0.0223663
0.0486029
0.0225932
0.0494715
0.0228557
0.0504668
0.0231552
0.0515966
0.0234937
0.0528699
0.023873
0.0542974
0.0242958
0.0558915
0.0247647
0.0576661
0.0252829
0.0596375
0.0258542
0.0618242
0.0264827
0.0642475
0.0271732
0.0669316
0.0279312
0.0699045
0.0287628
0.0731982
0.0296751
0.0768494
0.0306762
0.0809004
0.0317753
0.0854001
0.0329831
0.0904051
0.0343118
0.095981
0.0357756
0.102204
0.0373907
0.109164
0.0391761
0.116966
0.0411541
0.125732
0.0433506
0.135609
0.0457962
0.14677
0.0485272
0.159422
0.0515867
0.173814
0.0550264
0.190245
0.0589086
0.209081
0.0633091
0.23077
0.0683206
0.255861
0.0740575
0.28504
0.0806624
0.319166
0.0883142
0.0458006
0.0217811
0.0458006
0.0217811
0.0459053
0.0218127
0.0461141
0.021876
0.0464273
0.0219712
0.0468461
0.0220988
0.0473729
0.0222593
0.0480109
0.0224535
0.0487646
0.0226824
0.0496393
0.0229473
0.0506417
0.0232496
0.0517797
0.0235912
0.0530625
0.0239742
0.0545008
0.0244011
0.0561072
0.0248746
0.0578959
0.0253981
0.0598834
0.0259753
0.0620884
0.0266105
0.0645326
0.0273085
0.0672406
0.028075
0.0702409
0.0289161
0.0735659
0.0298393
0.0772531
0.0308527
0.0813456
0.0319658
0.0858932
0.0331895
0.0909538
0.0345364
0.0965944
0.036021
0.102893
0.0376601
0.109942
0.0394734
0.117847
0.0414836
0.126737
0.0437177
0.13676
0.0462074
0.148096
0.0489904
0.160959
0.0521117
0.175606
0.0556254
0.192348
0.0595969
0.211566
0.0641061
0.233728
0.0692511
0.259411
0.0751537
0.289336
0.0819664
0.324411
0.0898818
0.0459769
0.0218826
0.0459769
0.0218826
0.0460825
0.0219145
0.046293
0.0219785
0.0466088
0.0220748
0.0470311
0.0222038
0.0475624
0.022366
0.0482058
0.0225624
0.048966
0.0227939
0.0498483
0.0230618
0.0508596
0.0233676
0.0520079
0.0237132
0.0533025
0.0241007
0.0547544
0.0245327
0.0563762
0.0250121
0.0581825
0.0255422
0.06019
0.0261269
0.062418
0.0267704
0.0648883
0.0274779
0.0676263
0.028255
0.0706607
0.0291083
0.074025
0.0300451
0.0777573
0.031074
0.0819019
0.0322047
0.0865098
0.0334486
0.0916402
0.0348185
0.097362
0.0363295
0.103756
0.037999
0.110916
0.0398474
0.118953
0.0418985
0.127998
0.0441804
0.138207
0.0467263
0.149765
0.0495758
0.162895
0.0527762
0.177866
0.0563849
0.195005
0.0604712
0.214712
0.0651206
0.23748
0.0704385
0.263924
0.0765567
0.294812
0.083641
0.331117
0.091902
0.046188
0.0220044
0.046188
0.0220044
0.0462946
0.0220368
0.0465072
0.0221016
0.0468261
0.0221991
0.0472527
0.0223298
0.0477892
0.0224942
0.0484392
0.0226932
0.0492072
0.0229278
0.0500987
0.0231993
0.0511207
0.0235093
0.0522813
0.0238597
0.05359
0.0242527
0.0550582
0.024691
0.0566985
0.0251774
0.058526
0.0257155
0.0605578
0.0263092
0.0628133
0.0269629
0.0653151
0.0276818
0.0680891
0.0284719
0.0711649
0.0293398
0.0745765
0.0302932
0.0783634
0.0313409
0.0825708
0.0324931
0.0872515
0.0337614
0.0924664
0.0351593
0.0982867
0.0367025
0.104796
0.0384092
0.112091
0.0403007
0.120288
0.0424019
0.129523
0.0447425
0.139958
0.0473575
0.151787
0.0502889
0.165245
0.0535871
0.180615
0.0573134
0.198243
0.0615428
0.218554
0.0663674
0.242076
0.0719025
0.269467
0.0782926
0.301558
0.085721
0.339405
0.094422
0.046434
0.0221468
0.046434
0.0221468
0.0465419
0.0221797
0.0467569
0.0222455
0.0470795
0.0223445
0.0475109
0.0224771
0.0480537
0.022644
0.0487114
0.0228461
0.0494884
0.0230843
0.0503907
0.0233601
0.0514252
0.0236751
0.0526002
0.0240312
0.0539256
0.0244307
0.0554127
0.0248763
0.0570748
0.0253711
0.0589272
0.0259185
0.0609872
0.0265228
0.0632751
0.0271885
0.0658139
0.027921
0.0686302
0.0287264
0.0717545
0.0296116
0.0752219
0.0305846
0.0790729
0.0316547
0.0833545
0.0328323
0.088121
0.0341297
0.0934357
0.0355609
0.0993725
0.0371425
0.106018
0.0388934
0.113474
0.0408363
0.121861
0.0429975
0.131321
0.0454085
0.142026
0.0481066
0.15418
0.0511367
0.16803
0.0545533
0.18388
0.0584227
0.202097
0.0628264
0.22314
0.067866
0.247577
0.0736687
0.276125
0.0803955
0.309691
0.0882523
0.349434
0.0975038
0.0467153
0.0223101
0.0467153
0.0223101
0.0468245
0.0223435
0.0470424
0.0224104
0.0473691
0.0225111
0.0478062
0.0226461
0.0483562
0.0228159
0.0490225
0.0230215
0.0498101
0.0232639
0.0507247
0.0235447
0.0517735
0.0238654
0.0529651
0.024228
0.0543096
0.024635
0.0558186
0.0250891
0.0575057
0.0255935
0.0593866
0.0261519
0.0614793
0.0267685
0.0638045
0.0274481
0.066386
0.0281964
0.0692511
0.0290195
0.0724314
0.0299249
0.0759632
0.0309207
0.0798884
0.0320168
0.0842558
0.0332241
0.0891219
0.0345554
0.0945524
0.0360256
0.100625
0.037652
0.107429
0.0394549
0.115072
0.0414582
0.12368
0.0436901
0.133405
0.0461842
0.144426
0.0489808
0.156962
0.0521284
0.171277
0.0556863
0.187694
0.0597271
0.206613
0.064341
0.228529
0.069641
0.254065
0.0757697
0.284006
0.0829093
0.319357
0.091294
0.361405
0.101227
0.0470321
0.0224946
0.0470321
0.0224946
0.047143
0.0225286
0.047364
0.0225968
0.0476955
0.0226995
0.0481389
0.022837
0.048697
0.0230102
0.0493733
0.0232198
0.0501726
0.0234671
0.0511012
0.0237534
0.0521663
0.0240807
0.0533767
0.0244508
0.0547428
0.0248664
0.0562766
0.0253302
0.0579921
0.0258456
0.0599055
0.0264165
0.0620352
0.0270471
0.0644028
0.0277427
0.0670328
0.0285089
0.0699535
0.0293525
0.0731976
0.0302809
0.0768028
0.0313031
0.0808129
0.032429
0.0852783
0.0336705
0.0902583
0.0350409
0.0958216
0.0365561
0.102049
0.0382345
0.109036
0.0400977
0.116895
0.0421713
0.125759
0.0444856
0.13579
0.0470769
0.147179
0.0499889
0.16016
0.0532749
0.175017
0.057
0.192101
0.0612448
0.211847
0.0661101
0.234798
0.0717234
0.26164
0.0782468
0.293248
0.0858891
0.330741
0.0949204
0.375567
0.105692
0.047385
0.0227007
0.047385
0.0227007
0.0474976
0.0227355
0.0477222
0.0228052
0.048059
0.02291
0.0485096
0.0230505
0.0490767
0.0232274
0.0497641
0.0234416
0.0505767
0.0236943
0.0515209
0.023987
0.0526042
0.0243216
0.0538357
0.0247002
0.0552261
0.0251255
0.0567877
0.0256003
0.0585351
0.0261281
0.0604849
0.0267131
0.0626564
0.0273597
0.0650716
0.0280733
0.0677562
0.02886
0.0707396
0.0297267
0.0740557
0.0306814
0.0777439
0.0317335
0.0818497
0.0328936
0.0864263
0.034174
0.0915354
0.0355892
0.0972495
0.0371559
0.103654
0.038894
0.110849
0.0408265
0.118954
0.0429812
0.128112
0.0453908
0.138494
0.048095
0.150307
0.0511417
0.163802
0.0545898
0.179289
0.0585117
0.197151
0.062998
0.217866
0.0681628
0.242035
0.0741517
0.270425
0.0811514
0.304014
0.0894039
0.344068
0.0992244
0.392225
0.111024
0.0477746
0.0229292
0.0477746
0.0229292
0.0478891
0.0229647
0.0481176
0.023036
0.0484603
0.0231433
0.0489188
0.0232871
0.049496
0.0234682
0.0501957
0.0236874
0.0510231
0.0239462
0.0519847
0.0242461
0.0530882
0.0245889
0.0543432
0.024977
0.0557605
0.0254131
0.0573531
0.0259002
0.059136
0.0264421
0.0611265
0.0270429
0.0633444
0.0277075
0.0658129
0.0284414
0.0685585
0.0292511
0.0716119
0.0301439
0.0750086
0.0311283
0.0787898
0.0322142
0.0830032
0.0334128
0.0877046
0.0347375
0.0929591
0.0362035
0.0988433
0.037829
0.105447
0.0396351
0.112878
0.041647
0.121263
0.0438947
0.130755
0.0464141
0.141539
0.0492488
0.153837
0.052452
0.167925
0.0560892
0.18414
0.0602421
0.202906
0.0650137
0.224752
0.0705348
0.250353
0.0769733
0.280568
0.0845469
0.316508
0.0935391
0.35961
0.104321
0.411745
0.117376
0.0482014
0.0231804
0.0482014
0.0231804
0.0483181
0.0232168
0.0485509
0.0232899
0.0489001
0.0233999
0.0493674
0.0235474
0.0499556
0.0237331
0.0506689
0.0239581
0.0515126
0.0242236
0.0524933
0.0245314
0.0536192
0.0248834
0.0549
0.0252821
0.0563472
0.0257302
0.0579741
0.0262311
0.0597963
0.0267886
0.0618317
0.0274071
0.0641011
0.0280917
0.0666287
0.0288484
0.069442
0.0296839
0.0725733
0.030606
0.0760597
0.0316237
0.0799445
0.0327476
0.0842779
0.0339897
0.0891188
0.0353643
0.0945361
0.0368879
0.100611
0.0385798
0.10744
0.0404633
0.115136
0.0425656
0.123838
0.0449197
0.133709
0.0475651
0.144949
0.0505503
0.157803
0.0539348
0.17257
0.0577925
0.189626
0.0622165
0.209439
0.0673249
0.232605
0.0732694
0.259882
0.0802462
0.292248
0.0885111
0.330969
0.0983991
0.377692
0.110349
0.434562
0.124935
0.0486662
0.0234551
0.0486662
0.0234551
0.0487853
0.0234925
0.0490228
0.0235676
0.0493791
0.0236806
0.049856
0.0238322
0.0504564
0.024023
0.0511846
0.0242542
0.0520461
0.0245273
0.0530478
0.0248438
0.0541983
0.025206
0.0555076
0.0256164
0.0569875
0.0260779
0.0586521
0.0265941
0.0605175
0.0271689
0.0626025
0.0278071
0.0649287
0.028514
0.0675214
0.029296
0.0704096
0.0301602
0.073627
0.031115
0.0772128
0.0321701
0.0812124
0.0333366
0.0856792
0.0346275
0.0906754
0.0360582
0.0962742
0.0376465
0.102562
0.0394137
0.109643
0.0413848
0.117638
0.0435899
0.126696
0.0460654
0.136996
0.0488553
0.148754
0.0520139
0.162241
0.0556083
0.177788
0.059723
0.195811
0.0644649
0.216838
0.0699713
0.24154
0.0764196
0.270781
0.084041
0.305679
0.0931387
0.347686
0.104111
0.398699
0.117479
0.461187
0.133926
0.0491697
0.023754
0.0491697
0.023754
0.0492914
0.0237925
0.0495341
0.0238698
0.0498982
0.0239861
0.0503855
0.0241421
0.0509992
0.0243386
0.0517437
0.0245768
0.0526246
0.024858
0.0536494
0.0251843
0.0548267
0.0255577
0.0561671
0.025981
0.0576829
0.0264574
0.0593888
0.0269904
0.0613015
0.0275844
0.0634409
0.0282444
0.0658295
0.0289761
0.0684938
0.0297862
0.0714643
0.0306824
0.0747766
0.0316736
0.078472
0.0327702
0.0825986
0.0339842
0.087213
0.0353297
0.0923814
0.0368234
0.098182
0.0384845
0.104708
0.0403364
0.112069
0.0424067
0.120399
0.0447285
0.129858
0.0473424
0.140641
0.0502978
0.152988
0.053656
0.167196
0.0574937
0.183635
0.0619081
0.202773
0.0670235
0.225205
0.0730006
0.251697
0.0800489
0.283237
0.0884431
0.32111
0.0985443
0.366995
0.110828
0.42308
0.125915
0.492211
0.144615
0.049713
0.0240779
0.049713
0.0240779
0.0498375
0.0241177
0.0500857
0.0241973
0.0504582
0.0243173
0.050957
0.0244782
0.0515851
0.0246809
0.0523472
0.0249266
0.0532494
0.025217
0.0542992
0.0255539
0.0555057
0.0259397
0.05688
0.0263772
0.0584349
0.0268698
0.0601858
0.0274214
0.0621503
0.0280366
0.064349
0.0287206
0.0668059
0.0294797
0.0695486
0.0303209
0.0726095
0.0312526
0.076026
0.0322842
0.079842
0.033427
0.0841085
0.034694
0.0888858
0.0361005
0.0942447
0.0376646
0.100269
0.0394075
0.107059
0.0413548
0.114734
0.0435371
0.123438
0.0459913
0.133348
0.048763
0.144677
0.0519079
0.15769
0.0554962
0.172719
0.0596161
0.19018
0.0643806
0.210601
0.0699353
0.234662
0.0764702
0.263238
0.0842342
0.297468
0.0935551
0.338838
0.104865
0.38929
0.118732
0.451354
0.135896
0.528308
0.157313
0.0502968
0.0244277
0.0502968
0.0244277
0.0504243
0.0244688
0.0506786
0.0245511
0.0510603
0.024675
0.0515713
0.0248413
0.0522151
0.0250508
0.0529964
0.0253048
0.0539215
0.0256051
0.0549984
0.0259537
0.0562367
0.026353
0.0576478
0.0268062
0.0592453
0.0273167
0.0610451
0.0278887
0.063066
0.0285272
0.0653295
0.0292378
0.0678608
0.030027
0.0706892
0.0309026
0.0738488
0.0318734
0.0773795
0.0329498
0.0813278
0.0341439
0.0857482
0.0354699
0.090705
0.0369444
0.0962742
0.0385872
0.102546
0.0404218
0.109629
0.0424765
0.117654
0.0447852
0.126777
0.0473897
0.137191
0.0503412
0.149135
0.0537035
0.162904
0.0575573
0.178869
0.0620051
0.1975
0.0671792
0.219401
0.0732518
0.245349
0.0804486
0.276352
0.089067
0.31373
0.0994998
0.359204
0.112264
0.415023
0.128039
0.48411
0.147702
0.570231
0.17238
0.0509221
0.0248043
0.0509221
0.0248043
0.051053
0.0248468
0.0513138
0.024932
0.0517053
0.0250602
0.0522296
0.0252323
0.0528903
0.0254493
0.0536923
0.0257124
0.0546424
0.0260235
0.0557486
0.0263849
0.0570212
0.026799
0.0584722
0.0272693
0.0601158
0.0277994
0.0619688
0.0283939
0.0640508
0.029058
0.0663847
0.0297977
0.068997
0.0306202
0.0719188
0.0315337
0.0751863
0.0325478
0.0788419
0.0336737
0.082935
0.0349247
0.0875242
0.0363161
0.0926784
0.0378664
0.0984795
0.0395971
0.105025
0.0415345
0.112434
0.0437099
0.120847
0.0461616
0.130437
0.0489365
0.141419
0.0520933
0.154057
0.0557053
0.168682
0.059866
0.185714
0.0646955
0.205688
0.0703499
0.229295
0.0770339
0.25743
0.0850172
0.291262
0.0946564
0.332318
0.106422
0.382598
0.120934
0.444705
0.139
0.522005
0.161658
0.618803
0.190222
0.0515901
0.0252086
0.0515901
0.0252086
0.0517244
0.0252527
0.0519923
0.025341
0.0523945
0.025474
0.0529331
0.0256525
0.053612
0.0258775
0.0544364
0.0261506
0.0554132
0.0264735
0.0565512
0.0268488
0.0578608
0.0272792
0.0593549
0.0277681
0.0610484
0.0283197
0.062959
0.0289388
0.0651073
0.0296309
0.0675175
0.0304026
0.0702179
0.0312616
0.0732413
0.0322168
0.0766263
0.0332787
0.080418
0.0344594
0.0846696
0.0357733
0.0894437
0.0372375
0.0948147
0.038872
0.100871
0.040701
0.10772
0.0427535
0.115488
0.0450648
0.124334
0.047678
0.134447
0.0506467
0.146066
0.0540381
0.159486
0.0579372
0.175083
0.0624534
0.193332
0.0677281
0.214847
0.0739468
0.240423
0.0813539
0.271095
0.0902725
0.308219
0.101131
0.35357
0.114493
0.409465
0.131098
0.478909
0.151904
0.565761
0.178127
0.674903
0.211288
0.0523017
0.0256418
0.0523017
0.0256418
0.0524398
0.0256876
0.0527153
0.0257793
0.0531289
0.0259174
0.0536829
0.0261028
0.0543814
0.0263367
0.0552298
0.0266205
0.0562355
0.0269564
0.0574076
0.0273468
0.0587573
0.0277949
0.0602978
0.0283042
0.0620452
0.0288793
0.0640179
0.0295252
0.066238
0.030248
0.0687309
0.0310549
0.0715268
0.031954
0.0746605
0.0329551
0.0781733
0.0340695
0.0821135
0.0353107
0.0865381
0.0366943
0.0915147
0.0382392
0.0971237
0.0399675
0.103461
0.0419062
0.110644
0.0440877
0.118812
0.0465519
0.128138
0.0493479
0.138836
0.0525371
0.151169
0.056197
0.165474
0.0604271
0.182174
0.0653557
0.201814
0.0711508
0.225099
0.0780335
0.252947
0.0862963
0.286561
0.0963274
0.327514
0.10864
0.377866
0.123909
0.440296
0.143012
0.518258
0.167075
0.616143
0.197514
0.739439
0.236067
0.053058
0.0261049
0.053058
0.0261049
0.0532003
0.0261525
0.0534839
0.0262479
0.0539097
0.0263916
0.0544803
0.0265845
0.0551998
0.026828
0.056074
0.0271235
0.0571107
0.0274734
0.0583196
0.0278804
0.0597122
0.0283477
0.0613029
0.0288793
0.0631082
0.0294799
0.0651481
0.0301552
0.0674456
0.0309116
0.070028
0.0317569
0.0729273
0.0327
0.0761807
0.0337516
0.0798324
0.0349239
0.0839343
0.0362318
0.0885476
0.0376925
0.0937456
0.0393269
0.0996155
0.0411596
0.106262
0.0432208
0.113813
0.0455471
0.122424
0.0481836
0.132286
0.0511866
0.143636
0.0546269
0.156774
0.0585949
0.172078
0.063207
0.190032
0.0686153
0.211261
0.0750196
0.23658
0.0826843
0.267053
0.0919604
0.304074
0.103313
0.349471
0.117357
0.405628
0.134896
0.47563
0.156965
0.563418
0.184877
0.673948
0.22026
0.813313
0.265071
0.0538604
0.026599
0.0538604
0.026599
0.0540069
0.0266486
0.0542992
0.026748
0.0547382
0.0268978
0.0553265
0.0270989
0.0560685
0.0273527
0.0569705
0.027661
0.0580405
0.0280261
0.0592887
0.028451
0.0607276
0.0289393
0.0623721
0.0294951
0.0642399
0.0301237
0.066352
0.030831
0.0687331
0.0316241
0.0714122
0.0325115
0.0744233
0.0335028
0.0778064
0.0346097
0.0816088
0.0358458
0.0858865
0.0372273
0.0907056
0.0387733
0.0961456
0.0405069
0.102302
0.0424558
0.109288
0.0446539
0.117247
0.0471426
0.126348
0.0499736
0.136806
0.0532114
0.148887
0.0569383
0.162929
0.0612601
0.179363
0.0663142
0.198744
0.072281
0.221792
0.0793992
0.249448
0.0879855
0.282948
0.0984608
0.323909
0.111382
0.374449
0.127481
0.437316
0.147709
0.516039
0.173277
0.61508
0.205702
0.739966
0.246827
0.897369
0.298825
0.0547098
0.0271253
0.0547098
0.0271253
0.0548611
0.0271771
0.0551627
0.0272808
0.0556157
0.0274372
0.0562229
0.0276471
0.0569891
0.0279122
0.0579207
0.0282343
0.0590263
0.028616
0.0603168
0.0290604
0.0618053
0.0295714
0.0635076
0.0301536
0.0654425
0.0308125
0.0676324
0.0315547
0.0701036
0.032388
0.0728869
0.0333213
0.0760188
0.0343655
0.0795423
0.0355332
0.0835082
0.0368394
0.0879769
0.038302
0.0930203
0.0399423
0.0987247
0.0417861
0.105194
0.0438644
0.112555
0.0462155
0.120962
0.0488868
0.130608
0.0519372
0.14173
0.0554418
0.15463
0.0594963
0.16969
0.0642252
0.187404
0.0697912
0.208409
0.0764093
0.233536
0.0843647
0.263878
0.0940367
0.300864
0.105929
0.34637
0.120706
0.402839
0.139234
0.47342
0.16263
0.562119
0.192297
0.673933
0.229964
0.814945
0.277691
0.992334
0.337839
0.0556077
0.0276852
0.0556077
0.0276852
0.0557639
0.0277393
0.0560754
0.0278477
0.0565434
0.0280111
0.0571709
0.0282307
0.0579628
0.0285079
0.0589261
0.028845
0.0600699
0.0292446
0.0614057
0.0297102
0.0629473
0.0302459
0.0647116
0.0308567
0.0667186
0.0315487
0.0689921
0.032329
0.0715601
0.0332059
0.0744558
0.0341896
0.0777181
0.0352916
0.0813934
0.036526
0.0855366
0.0379093
0.0902128
0.0394614
0.0955004
0.041206
0.101494
0.0431719
0.108307
0.0453944
0.116079
0.0479168
0.124982
0.0507932
0.135231
0.0540919
0.147094
0.0578998
0.160911
0.0623294
0.177119
0.0675275
0.196282
0.0736872
0.219136
0.0810651
0.246642
0.0900021
0.280063
0.100952
0.321057
0.114515
0.371788
0.131479
0.435058
0.152863
0.51445
0.179966
0.614466
0.214395
0.740632
0.258093
0.899535
0.313318
1.09874
0.382582
0.0565551
0.0282798
0.0565551
0.0282798
0.0567166
0.0283364
0.0570387
0.0284499
0.0575227
0.028621
0.0581718
0.0288509
0.0589912
0.0291414
0.0599884
0.0294946
0.061173
0.0299136
0.0625571
0.0304021
0.0641556
0.0309646
0.0659863
0.0316066
0.0680706
0.0323345
0.0704338
0.0331562
0.073106
0.0340808
0.0761227
0.0351194
0.0795258
0.0362847
0.0833652
0.0375923
0.0877002
0.0390604
0.0926018
0.0407111
0.0981553
0.042571
0.104464
0.0446726
0.111653
0.0470558
0.119878
0.0497699
0.12933
0.0528773
0.140248
0.0564569
0.152937
0.0606104
0.167782
0.0654699
0.185284
0.0712092
0.20609
0.0780581
0.231048
0.0863224
0.261271
0.0964092
0.298219
0.108859
0.343804
0.124385
0.400513
0.143914
0.471537
0.168637
0.560917
0.200043
0.67365
0.239952
0.815755
0.29051
0.994232
0.354145
1.21687
0.433453
0.0575534
0.0289105
0.0575534
0.0289105
0.0577205
0.0289698
0.0580539
0.0290888
0.058555
0.0292682
0.059227
0.0295093
0.0600758
0.029814
0.0611091
0.0301847
0.0623372
0.0306248
0.063773
0.0311381
0.0654322
0.0317296
0.067334
0.0324053
0.0695012
0.0331723
0.0719607
0.0340391
0.0747448
0.0350157
0.0778917
0.0361142
0.0814464
0.0373488
0.085463
0.0387365
0.0900058
0.0402978
0.095152
0.0420573
0.100995
0.0440449
0.107648
0.0462971
0.11525
0.0488595
0.123972
0.0517886
0.13403
0.0551562
0.145692
0.0590542
0.159302
0.0636016
0.175302
0.0689544
0.194262
0.0753184
0.216929
0.0829671
0.24428
0.0922648
0.277601
0.103696
0.318575
0.117903
0.369399
0.135725
0.43291
0.158247
0.512714
0.18684
0.613313
0.2232
0.740179
0.269349
0.899755
0.327617
1.09931
0.400546
1.3466
0.490737
0.0586038
0.0295787
0.0586038
0.0295787
0.0587769
0.0296409
0.0591223
0.0297658
0.0596414
0.0299541
0.060338
0.0302073
0.061218
0.0305274
0.0622898
0.030917
0.0635643
0.0313798
0.0650553
0.03192
0.0667794
0.0325429
0.0687572
0.0332552
0.071013
0.0340646
0.0735757
0.0349804
0.07648
0.0360136
0.0797668
0.0371775
0.083485
0.0384879
0.0876928
0.0399636
0.0924604
0.0416273
0.0978719
0.0435067
0.10403
0.0456355
0.111059
0.0480551
0.119113
0.0508174
0.128383
0.0539876
0.139111
0.0576486
0.151599
0.0619078
0.166238
0.0669049
0.183532
0.072824
0.204137
0.0799092
0.22891
0.0884857
0.258978
0.0989863
0.295822
0.111986
0.341376
0.128241
0.398148
0.148735
0.469347
0.174723
0.559006
0.207771
0.672079
0.249774
0.814459
0.302948
0.992899
0.369763
1.21474
0.452807
1.48742
0.554571
0.0597075
0.0302856
0.0597075
0.0302856
0.0598869
0.0303511
0.0602451
0.0304823
0.0607835
0.0306803
0.0615062
0.0309465
0.0624194
0.0312831
0.0635322
0.0316932
0.0648561
0.0321805
0.0664058
0.0327497
0.0681993
0.0334067
0.0702583
0.0341587
0.0726088
0.0350141
0.0752821
0.0359831
0.0783152
0.037078
0.0817524
0.0383132
0.0856464
0.0397064
0.0900607
0.0412784
0.0950714
0.0430548
0.100771
0.0450664
0.107271
0.0473515
0.114711
0.0499572
0.12326
0.0529428
0.133134
0.0563834
0.144602
0.0603756
0.158008
0.0650448
0.173797
0.0705553
0.192543
0.0771247
0.214999
0.0850422
0.242153
0.0946934
0.2753
0.106591
0.316138
0.121413
0.366876
0.140046
0.430357
0.16363
0.510179
0.193602
0.610797
0.231726
0.737577
0.280092
0.89675
0.341074
1.09521
0.417226
1.34013
0.511087
1.63824
0.624902
0.0608657
0.0310328
0.0608657
0.0310328
0.061052
0.0311017
0.0614237
0.0312397
0.0619826
0.0314481
0.0627329
0.0317283
0.0636814
0.0320829
0.0648378
0.032515
0.0662143
0.0330287
0.0678266
0.0336293
0.0696939
0.0343232
0.0718395
0.0351181
0.0742914
0.0360234
0.0770829
0.0370502
0.0802541
0.0382121
0.0838527
0.0395252
0.0879361
0.0410088
0.0925729
0.0426865
0.0978464
0.0445866
0.103858
0.0467441
0.110731
0.0492022
0.118619
0.0520147
0.127711
0.0552497
0.138249
0.0589941
0.150536
0.0633603
0.164962
0.068495
0.182034
0.0745918
0.202408
0.0819075
0.226948
0.0907843
0.256787
0.101678
0.29341
0.115193
0.338756
0.132124
0.39533
0.1535
0.466326
0.180632
0.555732
0.215145
0.668403
0.258996
0.810051
0.314448
0.987113
0.38399
1.20642
0.470177
1.47465
0.575383
1.79744
0.701451
0.0620797
0.0318217
0.0620797
0.0318217
0.0622731
0.0318941
0.0626592
0.0320396
0.0632398
0.0322591
0.0640195
0.0325544
0.0650055
0.0329283
0.0662081
0.033384
0.0676406
0.0339263
0.0693195
0.0345608
0.0712655
0.0352945
0.0735035
0.0361359
0.0760635
0.0370952
0.0789815
0.0381849
0.0823006
0.0394197
0.0860725
0.0408175
0.0903593
0.0424
0.095236
0.0441933
0.100794
0.0462294
0.107143
0.0485478
0.114422
0.0511974
0.122799
0.0542399
0.132487
0.0577537
0.143755
0.0618393
0.156948
0.0666279
0.172507
0.0722914
0.191009
0.0790574
0.213207
0.0872289
0.240087
0.0972094
0.272947
0.109535
0.31348
0.124915
0.363887
0.144273
0.426987
0.168794
0.506331
0.199966
0.606283
0.239606
0.732048
0.289847
0.889586
0.353091
1.08536
0.431875
1.32589
0.528657
1.61698
0.645503
1.96273
0.783682
0.0633506
0.0326535
0.0633506
0.0326535
0.0635516
0.0327299
0.0639528
0.0328833
0.0645564
0.0331148
0.0653673
0.0334264
0.0663931
0.0338209
0.0676448
0.0343022
0.0691366
0.0348753
0.0708864
0.0355464
0.0729161
0.036323
0.0752525
0.0372146
0.0779279
0.0382325
0.080981
0.0393902
0.0844583
0.0407043
0.088416
0.0421945
0.0929215
0.043885
0.0980566
0.045805
0.103921
0.0479905
0.110637
0.0504862
0.118356
0.0533479
0.127267
0.0566463
0.137608
0.0604716
0.149681
0.0649406
0.163874
0.0702062
0.180691
0.0764699
0.200788
0.0839992
0.225024
0.0931503
0.254526
0.104397
0.290771
0.118369
0.335682
0.135888
0.391737
0.158022
0.462079
0.186122
0.550608
0.221856
0.662033
0.267221
0.801831
0.324508
0.976068
0.396199
1.19103
0.484797
1.45258
0.592541
1.76529
0.721034
2.13124
0.870783
0.0646794
0.0335298
0.0646794
0.0335298
0.0648885
0.0336104
0.0653058
0.0337723
0.0659337
0.0340167
0.0667775
0.0343457
0.0678455
0.0347625
0.0691493
0.0352713
0.0707042
0.0358775
0.0725291
0.0365879
0.0746479
0.037411
0.077089
0.0383569
0.0798873
0.0394381
0.0830846
0.0406697
0.0867313
0.0420698
0.090888
0.0436606
0.0956283
0.0454689
0.101042
0.0475276
0.107237
0.0498772
0.114351
0.0525685
0.122549
0.0556651
0.132042
0.0592479
0.143097
0.0634214
0.156055
0.0683211
0.171354
0.0741253
0.189566
0.0810698
0.211437
0.0894683
0.237946
0.0997383
0.270375
0.112434
0.310398
0.128287
0.360184
0.148249
0.422498
0.173537
0.500805
0.205674
0.599336
0.246508
0.723085
0.298199
0.87769
0.363149
1.06915
0.443859
1.3033
0.542689
1.58502
0.661521
1.91722
0.801323
2.29949
0.96166
0.0660672
0.0344518
0.0660672
0.0344518
0.0662847
0.034537
0.0667191
0.034708
0.0673727
0.0349662
0.0682514
0.0353139
0.069364
0.0357547
0.070723
0.036293
0.0723446
0.0369348
0.0742494
0.0376877
0.0764627
0.0385607
0.0790152
0.0395652
0.0819445
0.0407149
0.0852957
0.0420265
0.0891232
0.0435201
0.0934931
0.0452203
0.0984854
0.0471571
0.104198
0.0493676
0.110751
0.0518975
0.118294
0.0548043
0.127013
0.0581609
0.137142
0.0620601
0.148979
0.0666226
0.16291
0.0720059
0.179429
0.0784176
0.199186
0.0861332
0.223026
0.0955194
0.252062
0.107064
0.287747
0.121411
0.331966
0.139405
0.387143
0.162135
0.456336
0.190979
0.543321
0.227632
0.652615
0.274109
0.789415
0.332702
0.959378
0.405872
1.16821
0.496048
1.42101
0.605329
1.72131
0.735084
2.0699
0.885472
2.46352
1.05495
0.0675148
0.035421
0.0675148
0.035421
0.0677413
0.035511
0.0681936
0.0356917
0.0688745
0.0359647
0.06979
0.0363326
0.0709498
0.036799
0.0723672
0.037369
0.0740595
0.0380492
0.0760489
0.0388476
0.0783625
0.0397745
0.0810334
0.0408422
0.084102
0.0420659
0.0876171
0.0434641
0.0916378
0.045059
0.0962357
0.0468782
0.101498
0.0489553
0.107533
0.0513317
0.114472
0.0540595
0.12248
0.0572039
0.131763
0.060848
0.142585
0.065099
0.155278
0.0700959
0.170277
0.0760216
0.188141
0.0831177
0.209604
0.0917052
0.235626
0.102211
0.267463
0.115201
0.30675
0.13142
0.3556
0.151836
0.416697
0.177685
0.493385
0.210505
0.589722
0.252159
0.710449
0.304807
0.860852
0.370834
1.04643
0.452685
1.27236
0.552615
1.54265
0.672323
1.85911
0.812504
2.22006
0.972342
2.61903
1.14903
0.0690231
0.0364385
0.0690231
0.0364385
0.069259
0.0365337
0.0697303
0.0367248
0.0704399
0.0370137
0.0713943
0.0374031
0.0726039
0.037897
0.074083
0.038501
0.0758502
0.0392223
0.0779291
0.0400698
0.080349
0.0410546
0.0831456
0.0421904
0.0863623
0.043494
0.090052
0.0449858
0.0942786
0.0466907
0.0991204
0.0486392
0.104673
0.050869
0.111053
0.0534269
0.118408
0.0563717
0.126918
0.0597776
0.136815
0.0637399
0.14839
0.0683815
0.16202
0.0738631
0.178189
0.0803966
0.197533
0.0882623
0.220877
0.097833
0.249306
0.109604
0.284233
0.124227
0.327488
0.142558
0.381415
0.165697
0.448958
0.195029
0.533731
0.232256
0.640026
0.27939
0.772723
0.338708
0.937054
0.412626
1.13815
0.503491
1.38038
0.613263
1.66634
0.743095
1.99574
0.892847
2.36409
1.06058
2.76153
1.24211
0.0705927
0.0375055
0.0705927
0.0375055
0.0708386
0.0376063
0.0713298
0.0378086
0.0720696
0.0381144
0.073065
0.0385268
0.0743272
0.0390502
0.0758715
0.0396907
0.0777178
0.040456
0.0798915
0.0413561
0.082424
0.0424032
0.0853538
0.0436124
0.0887278
0.0450022
0.0926031
0.0465951
0.0970493
0.048419
0.102151
0.0505078
0.108014
0.052904
0.114766
0.0556602
0.122568
0.0588428
0.131622
0.0625367
0.142183
0.0668504
0.154578
0.0719255
0.169229
0.0779472
0.186681
0.0851604
0.207647
0.0938897
0.233059
0.104566
0.264135
0.11776
0.302454
0.134221
0.35005
0.15492
0.409501
0.181097
0.484002
0.214289
0.577401
0.25635
0.694161
0.309424
0.839189
0.375855
1.01749
0.458024
1.23361
0.558075
1.49079
0.677544
1.78989
0.816889
2.12821
0.974983
2.49821
1.14863
2.88655
1.33224
0.0722241
0.0386232
0.0722241
0.0386232
0.0724804
0.0387298
0.0729926
0.0389441
0.0737642
0.039268
0.0748029
0.039705
0.0761205
0.0402599
0.0777335
0.0409394
0.0796632
0.0417519
0.0819371
0.0427085
0.0845887
0.0438224
0.0876596
0.0451105
0.0912004
0.0465931
0.0952731
0.0482953
0.0999531
0.0502479
0.105333
0.052489
0.111527
0.0550661
0.118678
0.0580386
0.126961
0.0614819
0.136601
0.0654922
0.147881
0.0701939
0.161167
0.0757494
0.17693
0.082372
0.195783
0.0903439
0.218526
0.100039
0.246203
0.111955
0.280174
0.126743
0.322197
0.145259
0.374512
0.168597
0.439924
0.198138
0.521858
0.235569
0.624351
0.282881
0.75195
0.342313
0.909453
0.416225
1.10145
0.506875
1.33164
0.616094
1.60184
0.744855
1.91088
0.892777
2.25337
1.05761
2.61861
1.23484
2.98993
1.41744
0.0739175
0.0397924
0.0739175
0.0397924
0.0741848
0.0399054
0.0747191
0.0401324
0.0755243
0.0404757
0.0766084
0.0409389
0.0779843
0.0415274
0.0796696
0.0422485
0.0816874
0.0431116
0.0840669
0.0441286
0.0868444
0.0453143
0.0900646
0.0466871
0.0937822
0.0482696
0.0980643
0.0500895
0.102993
0.0521812
0.108669
0.0545874
0.115218
0.0573611
0.122795
0.0605695
0.131595
0.0642979
0.141867
0.0686557
0.153925
0.0737852
0.168177
0.0798722
0.18515
0.0871618
0.205529
0.0959784
0.230209
0.106752
0.260356
0.12005
0.297481
0.136616
0.343522
0.157415
0.400926
0.183673
0.472714
0.216908
0.562503
0.25895
0.674457
0.311901
0.8131
0.378055
0.982967
0.459715
1.18802
0.558924
1.43084
0.677077
1.71155
0.814448
2.02669
0.969682
2.36801
1.13932
2.72169
1.31747
3.06799
1.49577
0.0756731
0.0410142
0.0756731
0.0410142
0.075952
0.0411339
0.0765095
0.0413744
0.0773498
0.0417382
0.0784817
0.0422294
0.0799189
0.0428538
0.0816804
0.0436194
0.0837909
0.0445365
0.0862817
0.0456181
0.089192
0.0468807
0.0925699
0.0483444
0.0964746
0.0500342
0.100979
0.0519809
0.106171
0.0542228
0.112163
0.0568076
0.11909
0.0597948
0.127124
0.06326
0.136479
0.0672999
0.14743
0.0720389
0.160328
0.077639
0.175626
0.084313
0.19391
0.0923415
0.215947
0.102096
0.242732
0.114067
0.275561
0.1289
0.316101
0.147438
0.366472
0.17076
0.429319
0.200221
0.507856
0.23748
0.60585
0.284485
0.727505
0.343422
0.877201
0.416583
1.05903
0.506138
1.27611
0.613807
1.52964
0.740425
1.81782
0.885439
2.13466
1.04641
2.46905
1.2186
2.80418
1.39478
3.11779
1.56542
0.0774909
0.042289
0.0774909
0.042289
0.0777818
0.0424159
0.0783636
0.0426708
0.0792408
0.0430565
0.0804228
0.0435775
0.0819244
0.0442401
0.0837659
0.0450531
0.0859738
0.0460277
0.0885818
0.0471785
0.0916321
0.0485232
0.0951765
0.0500842
0.0992789
0.0518892
0.104018
0.0539724
0.109491
0.0563762
0.115818
0.0591539
0.123148
0.0623725
0.131669
0.0661171
0.14162
0.0704969
0.153301
0.0756531
0.167104
0.0817703
0.18353
0.089091
0.203233
0.0979354
0.227064
0.108727
0.256128
0.122023
0.291853
0.138554
0.336067
0.159264
0.391069
0.185352
0.459686
0.218304
0.545293
0.259901
0.651744
0.312193
0.783189
0.377405
0.943721
0.457764
1.13681
0.555218
1.36448
0.671054
1.62634
0.805425
1.91843
0.956838
2.23218
1.12169
2.55364
1.29394
2.86339
1.46515
3.13727
1.62479
