0.500376
1.00188
0.500376
1.00188
0.500376
1.00752
0.500376
1.0169
0.500376
1.03003
0.500376
1.04686
0.500376
1.06739
0.500376
1.09157
0.500376
1.11938
0.500376
1.15077
0.500376
1.18569
0.500376
1.22409
0.500376
1.26592
0.500376
1.3111
0.500376
1.35958
0.500376
1.41128
0.500376
1.46612
0.500376
1.52402
0.500376
1.58489
0.500376
1.64864
0.500376
1.71518
0.500376
1.7844
0.500376
1.8562
0.500376
1.93047
0.500376
2.0071
0.500376
2.08598
0.500376
2.16699
0.500376
2.25
0.500376
2.33489
0.500376
2.42153
0.500376
2.5098
0.500376
2.59956
0.500376
2.69067
0.500376
2.78299
0.500376
2.8764
0.500376
2.97074
0.500376
3.06588
0.500376
3.16167
0.500376
3.25797
0.500376
3.35464
0.500376
3.45152
0.500376
1.00188
0.500376
1.00188
0.500376
1.00752
0.500376
1.0169
0.500376
1.03003
0.500376
1.04686
0.500376
1.06739
0.500376
1.09157
0.500376
1.11938
0.500376
1.15077
0.500376
1.18569
0.500376
1.22409
0.500376
1.26592
0.500376
1.3111
0.500376
1.35958
0.500376
1.41128
0.500376
1.46612
0.500376
1.52402
0.500376
1.58489
0.500376
1.64864
0.500376
1.71518
0.500376
1.7844
0.500376
1.8562
0.500376
1.93047
0.500376
2.0071
0.500376
2.08598
0.500376
2.16699
0.500376
2.25
0.500376
2.33489
0.500376
2.42153
0.500376
2.5098
0.500376
2.59956
0.500376
2.69067
0.500376
2.78299
0.500376
2.8764
0.500376
2.97074
0.500376
3.06588
0.500376
3.16167
0.500376
3.25797
0.500376
3.35464
0.500376
3.45152
0.501504
1.00188
0.501504
1.00188
0.501504
1.00752
0.501504
1.0169
0.501504
1.03003
0.501504
1.04686
0.501504
1.06739
0.501504
1.09157
0.501504
1.11938
0.501504
1.15077
0.501504
1.18569
0.501504
1.22409
0.501504
1.26592
0.501504
1.3111
0.501504
1.35958
0.501504
1.41128
0.501504
1.46612
0.501504
1.52402
0.501504
1.58489
0.501504
1.64864
0.501504
1.71518
0.501504
1.7844
0.501504
1.8562
0.501504
1.93047
0.501504
2.0071
0.501504
2.08598
0.501504
2.16699
0.501504
2.25
0.501504
2.33489
0.501504
2.42153
0.501504
2.5098
0.501504
2.59956
0.501504
2.69067
0.501504
2.78299
0.501504
2.8764
0.501504
2.97074
0.501504
3.06588
0.501504
3.16167
0.501504
3.25797
0.501504
3.35464
0.501504
3.45152
0.503381
1.00188
0.503381
1.00188
0.503381
1.00752
0.503381
1.0169
0.503381
1.03003
0.503381
1.04686
0.503381
1.06739
0.503381
1.09157
0.503381
1.11938
0.503381
1.15077
0.503381
1.18569
0.503381
1.22409
0.503381
1.26592
0.503381
1.3111
0.503381
1.35958
0.503381
1.41128
0.503381
1.46612
0.503381
1.52402
0.503381
1.58489
0.503381
1.64864
0.503381
1.71518
0.503381
1.7844
0.503381
1.8562
0.503381
1.93047
0.503381
2.0071
0.503381
2.08598
0.503381
2.16699
0.503381
2.25
0.503381
2.33489
0.503381
2.42153
0.503381
2.5098
0.503381
2.59956
0.503381
2.69067
0.503381
2.78299
0.503381
2.8764
0.503381
2.97074
0.503381
3.06588
0.503381
3.16167
0.503381
3.25797
0.503381
3.35464
0.503381
3.45152
0.506005
1.00188
0.506005
1.00188
0.506005
1.00752
0.506005
1.0169
0.506005
1.03003
0.506005
1.04686
0.506005
1.06739
0.506005
1.09157
0.506005
1.11938
0.506005
1.15077
0.506005
1.18569
0.506005
1.22409
0.506005
1.26592
0.506005
1.3111
0.506005
1.35958
0.506005
1.41128
0.506005
1.46612
0.506005
1.52402
0.506005
1.58489
0.506005
1.64864
0.506005
1.71518
0.506005
1.7844
0.506005
1.8562
0.506005
1.93047
0.506005
2.0071
0.506005
2.08598
0.506005
2.16699
0.506005
2.25
0.506005
2.33489
0.506005
2.42153
0.506005
2.5098
0.506005
2.59956
0.506005
2.69067
0.506005
2.78299
0.506005
2.8764
0.506005
2.97074
0.506005
3.06588
0.506005
3.16167
0.506005
3.25797
0.506005
3.35464
0.506005
3.45152
0.509372
1.00188
0.509372
1.00188
0.509372
1.00752
0.509372
1.0169
0.509372
1.03003
0.509372
1.04686
0.509372
1.06739
0.509372
1.09157
0.509372
1.11938
0.509372
1.15077
0.509372
1.18569
0.509372
1.22409
0.509372
1.26592
0.509372
1.3111
0.509372
1.35958
0.509372
1.41128
0.509372
1.46612
0.509372
1.52402
0.509372
1.58489
0.509372
1.64864
0.509372
1.71518
0.509372
1.7844
0.509372
1.8562
0.509372
1.93047
0.509372
2.0071
0.509372
2.08598
0.509372
2.16699
0.509372
2.25
0.509372
2.33489
0.509372
2.42153
0.509372
2.5098
0.509372
2.59956
0.509372
2.69067
0.509372
2.78299
0.509372
2.8764
0.509372
2.97074
0.509372
3.06588
0.509372
3.16167
0.509372
3.25797
0.509372
3.35464
0.509372
3.45152
0.513478
1.00188
0.513478
1.00188
0.513478
1.00752
0.513478
1.0169
0.513478
1.03003
0.513478
1.04686
0.513478
1.06739
0.513478
1.09157
0.513478
1.11938
0.513478
1.15077
0.513478
1.18569
0.513478
1.22409
0.513478
1.26592
0.513478
1.3111
0.513478
1.35958
0.513478
1.41128
0.513478
1.46612
0.513478
1.52402
0.513478
1.58489
0.513478
1.64864
0.513478
1.71518
0.513478
1.7844
0.513478
1.8562
0.513478
1.93047
0.513478
2.0071
0.513478
2.08598
0.513478
2.16699
0.513478
2.25
0.513478
2.33489
0.513478
2.42153
0.513478
2.5098
0.513478
2.59956
0.513478
2.69067
0.513478
2.78299
0.513478
2.8764
0.513478
2.97074
0.513478
3.06588
0.513478
3.16167
0.513478
3.25797
0.513478
3.35464
0.513478
3.45152
0.518315
1.00188
0.518315
1.00188
0.518315
1.00752
0.518315
1.0169
0.518315
1.03003
0.518315
1.04686
0.518315
1.06739
0.518315
1.09157
0.518315
1.11938
0.518315
1.15077
0.518315
1.18569
0.518315
1.22409
0.518315
1.26592
0.518315
1.3111
0.518315
1.35958
0.518315
1.41128
0.518315
1.46612
0.518315
1.52402
0.518315
1.58489
0.518315
1.64864
0.518315
1.71518
0.518315
1.7844
0.518315
1.8562
0.518315
1.93047
0.518315
2.0071
0.518315
2.08598
0.518315
2.16699
0.518315
2.25
0.518315
2.33489
0.518315
2.42153
0.518315
2.5098
0.518315
2.59956
0.518315
2.69067
0.518315
2.78299
0.518315
2.8764
0.518315
2.97074
0.518315
3.06588
0.518315
3.16167
0.518315
3.25797
0.518315
3.35464
0.518315
3.45152
0.523876
1.00188
0.523876
1.00188
0.523876
1.00752
0.523876
1.0169
0.523876
1.03003
0.523876
1.04686
0.523876
1.06739
0.523876
1.09157
0.523876
1.11938
0.523876
1.15077
0.523876
1.18569
0.523876
1.22409
0.523876
1.26592
0.523876
1.3111
0.523876
1.35958
0.523876
1.41128
0.523876
1.46612
0.523876
1.52402
0.523876
1.58489
0.523876
1.64864
0.523876
1.71518
0.523876
1.7844
0.523876
1.8562
0.523876
1.93047
0.523876
2.0071
0.523876
2.08598
0.523876
2.16699
0.523876
2.25
0.523876
2.33489
0.523876
2.42153
0.523876
2.5098
0.523876
2.59956
0.523876
2.69067
0.523876
2.78299
0.523876
2.8764
0.523876
2.97074
0.523876
3.06588
0.523876
3.16167
0.523876
3.25797
0.523876
3.35464
0.523876
3.45152
0.530154
1.00188
0.530154
1.00188
0.530154
1.00752
0.530154
1.0169
0.530154
1.03003
0.530154
1.04686
0.530154
1.06739
0.530154
1.09157
0.530154
1.11938
0.530154
1.15077
0.530154
1.18569
0.530154
1.22409
0.530154
1.26592
0.530154
1.3111
0.530154
1.35958
0.530154
1.41128
0.530154
1.46612
0.530154
1.52402
0.530154
1.58489
0.530154
1.64864
0.530154
1.71518
0.530154
1.7844
0.530154
1.8562
0.530154
1.93047
0.530154
2.0071
0.530154
2.08598
0.530154
2.16699
0.530154
2.25
0.530154
2.33489
0.530154
2.42153
0.530154
2.5098
0.530154
2.59956
0.530154
2.69067
0.530154
2.78299
0.530154
2.8764
0.530154
2.97074
0.530154
3.06588
0.530154
3.16167
0.530154
3.25797
0.530154
3.35464
0.530154
3.45152
0.537138
1.00188
0.537138
1.00188
0.537138
1.00752
0.537138
1.0169
0.537138
1.03003
0.537138
1.04686
0.537138
1.06739
0.537138
1.09157
0.537138
1.11938
0.537138
1.15077
0.537138
1.18569
0.537138
1.22409
0.537138
1.26592
0.537138
1.3111
0.537138
1.35958
0.537138
1.41128
0.537138
1.46612
0.537138
1.52402
0.537138
1.58489
0.537138
1.64864
0.537138
1.71518
0.537138
1.7844
0.537138
1.8562
0.537138
1.93047
0.537138
2.0071
0.537138
2.08598
0.537138
2.16699
0.537138
2.25
0.537138
2.33489
0.537138
2.42153
0.537138
2.5098
0.537138
2.59956
0.537138
2.69067
0.537138
2.78299
0.537138
2.8764
0.537138
2.97074
0.537138
3.06588
0.537138
3.16167
0.537138
3.25797
0.537138
3.35464
0.537138
3.45152
0.544819
1.00188
0.544819
1.00188
0.544819
1.00752
0.544819
1.0169
0.544819
1.03003
0.544819
1.04686
0.544819
1.06739
0.544819
1.09157
0.544819
1.11938
0.544819
1.15077
0.544819
1.18569
0.544819
1.22409
0.544819
1.26592
0.544819
1.3111
0.544819
1.35958
0.544819
1.41128
0.544819
1.46612
0.544819
1.52402
0.544819
1.58489
0.544819
1.64864
0.544819
1.71518
0.544819
1.7844
0.544819
1.8562
0.544819
1.93047
0.544819
2.0071
0.544819
2.08598
0.544819
2.16699
0.544819
2.25
0.544819
2.33489
0.544819
2.42153
0.544819
2.5098
0.544819
2.59956
0.544819
2.69067
0.544819
2.78299
0.544819
2.8764
0.544819
2.97074
0.544819
3.06588
0.544819
3.16167
0.544819
3.25797
0.544819
3.35464
0.544819
3.45152
0.553184
1.00188
0.553184
1.00188
0.553184
1.00752
0.553184
1.0169
0.553184
1.03003
0.553184
1.04686
0.553184
1.06739
0.553184
1.09157
0.553184
1.11938
0.553184
1.15077
0.553184
1.18569
0.553184
1.22409
0.553184
1.26592
0.553184
1.3111
0.553184
1.35958
0.553184
1.41128
0.553184
1.46612
0.553184
1.52402
0.553184
1.58489
0.553184
1.64864
0.553184
1.71518
0.553184
1.7844
0.553184
1.8562
0.553184
1.93047
0.553184
2.0071
0.553184
2.08598
0.553184
2.16699
0.553184
2.25
0.553184
2.33489
0.553184
2.42153
0.553184
2.5098
0.553184
2.59956
0.553184
2.69067
0.553184
2.78299
0.553184
2.8764
0.553184
2.97074
0.553184
3.06588
0.553184
3.16167
0.553184
3.25797
0.553184
3.35464
0.553184
3.45152
0.562221
1.00188
0.562221
1.00188
0.562221
1.00752
0.562221
1.0169
0.562221
1.03003
0.562221
1.04686
0.562221
1.06739
0.562221
1.09157
0.562221
1.11938
0.562221
1.15077
0.562221
1.18569
0.562221
1.22409
0.562221
1.26592
0.562221
1.3111
0.562221
1.35958
0.562221
1.41128
0.562221
1.46612
0.562221
1.52402
0.562221
1.58489
0.562221
1.64864
0.562221
1.71518
0.562221
1.7844
0.562221
1.8562
0.562221
1.93047
0.562221
2.0071
0.562221
2.08598
0.562221
2.16699
0.562221
2.25
0.562221
2.33489
0.562221
2.42153
0.562221
2.5098
0.562221
2.59956
0.562221
2.69067
0.562221
2.78299
0.562221
2.8764
0.562221
2.97074
0.562221
3.06588
0.562221
3.16167
0.562221
3.25797
0.562221
3.35464
0.562221
3.45152
0.571917
1.00188
0.571917
1.00188
0.571917
1.00752
0.571917
1.0169
0.571917
1.03003
0.571917
1.04686
0.571917
1.06739
0.571917
1.09157
0.571917
1.11938
0.571917
1.15077
0.571917
1.18569
0.571917
1.22409
0.571917
1.26592
0.571917
1.3111
0.571917
1.35958
0.571917
1.41128
0.571917
1.46612
0.571917
1.52402
0.571917
1.58489
0.571917
1.64864
0.571917
1.71518
0.571917
1.7844
0.571917
1.8562
0.571917
1.93047
0.571917
2.0071
0.571917
2.08598
0.571917
2.16699
0.571917
2.25
0.571917
2.33489
0.571917
2.42153
0.571917
2.5098
0.571917
2.59956
0.571917
2.69067
0.571917
2.78299
0.571917
2.8764
0.571917
2.97074
0.571917
3.06588
0.571917
3.16167
0.571917
3.25797
0.571917
3.35464
0.571917
3.45152
0.582256
1.00188
0.582256
1.00188
0.582256
1.00752
0.582256
1.0169
0.582256
1.03003
0.582256
1.04686
0.582256
1.06739
0.582256
1.09157
0.582256
1.11938
0.582256
1.15077
0.582256
1.18569
0.582256
1.22409
0.582256
1.26592
0.582256
1.3111
0.582256
1.35958
0.582256
1.41128
0.582256
1.46612
0.582256
1.52402
0.582256
1.58489
0.582256
1.64864
0.582256
1.71518
0.582256
1.7844
0.582256
1.8562
0.582256
1.93047
0.582256
2.0071
0.582256
2.08598
0.582256
2.16699
0.582256
2.25
0.582256
2.33489
0.582256
2.42153
0.582256
2.5098
0.582256
2.59956
0.582256
2.69067
0.582256
2.78299
0.582256
2.8764
0.582256
2.97074
0.582256
3.06588
0.582256
3.16167
0.582256
3.25797
0.582256
3.35464
0.582256
3.45152
0.593224
1.00188
0.593224
1.00188
0.593224
1.00752
0.593224
1.0169
0.593224
1.03003
0.593224
1.04686
0.593224
1.06739
0.593224
1.09157
0.593224
1.11938
0.593224
1.15077
0.593224
1.18569
0.593224
1.22409
0.593224
1.26592
0.593224
1.3111
0.593224
1.35958
0.593224
1.41128
0.593224
1.46612
0.593224
1.52402
0.593224
1.58489
0.593224
1.64864
0.593224
1.71518
0.593224
1.7844
0.593224
1.8562
0.593224
1.93047
0.593224
2.0071
0.593224
2.08598
0.593224
2.16699
0.593224
2.25
0.593224
2.33489
0.593224
2.42153
0.593224
2.5098
0.593224
2.59956
0.593224
2.69067
0.593224
2.78299
0.593224
2.8764
0.593224
2.97074
0.593224
3.06588
0.593224
3.16167
0.593224
3.25797
0.593224
3.35464
0.593224
3.45152
0.604804
1.00188
0.604804
1.00188
0.604804
1.00752
0.604804
1.0169
0.604804
1.03003
0.604804
1.04686
0.604804
1.06739
0.604804
1.09157
0.604804
1.11938
0.604804
1.15077
0.604804
1.18569
0.604804
1.22409
0.604804
1.26592
0.604804
1.3111
0.604804
1.35958
0.604804
1.41128
0.604804
1.46612
0.604804
1.52402
0.604804
1.58489
0.604804
1.64864
0.604804
1.71518
0.604804
1.7844
0.604804
1.8562
0.604804
1.93047
0.604804
2.0071
0.604804
2.08598
0.604804
2.16699
0.604804
2.25
0.604804
2.33489
0.604804
2.42153
0.604804
2.5098
0.604804
2.59956
0.604804
2.69067
0.604804
2.78299
0.604804
2.8764
0.604804
2.97074
0.604804
3.06588
0.604804
3.16167
0.604804
3.25797
0.604804
3.35464
0.604804
3.45152
0.616978
1.00188
0.616978
1.00188
0.616978
1.00752
0.616978
1.0169
0.616978
1.03003
0.616978
1.04686
0.616978
1.06739
0.616978
1.09157
0.616978
1.11938
0.616978
1.15077
0.616978
1.18569
0.616978
1.22409
0.616978
1.26592
0.616978
1.3111
0.616978
1.35958
0.616978
1.41128
0.616978
1.46612
0.616978
1.52402
0.616978
1.58489
0.616978
1.64864
0.616978
1.71518
0.616978
1.7844
0.616978
1.8562
0.616978
1.93047
0.616978
2.0071
0.616978
2.08598
0.616978
2.16699
0.616978
2.25
0.616978
2.33489
0.616978
2.42153
0.616978
2.5098
0.616978
2.59956
0.616978
2.69067
0.616978
2.78299
0.616978
2.8764
0.616978
2.97074
0.616978
3.06588
0.616978
3.16167
0.616978
3.25797
0.616978
3.35464
0.616978
3.45152
0.629728
1.00188
0.629728
1.00188
0.629728
1.00752
0.629728
1.0169
0.629728
1.03003
0.629728
1.04686
0.629728
1.06739
0.629728
1.09157
0.629728
1.11938
0.629728
1.15077
0.629728
1.18569
0.629728
1.22409
0.629728
1.26592
0.629728
1.3111
0.629728
1.35958
0.629728
1.41128
0.629728
1.46612
0.629728
1.52402
0.629728
1.58489
0.629728
1.64864
0.629728
1.71518
0.629728
1.7844
0.629728
1.8562
0.629728
1.93047
0.629728
2.0071
0.629728
2.08598
0.629728
2.16699
0.629728
2.25
0.629728
2.33489
0.629728
2.42153
0.629728
2.5098
0.629728
2.59956
0.629728
2.69067
0.629728
2.78299
0.629728
2.8764
0.629728
2.97074
0.629728
3.06588
0.629728
3.16167
0.629728
3.25797
0.629728
3.35464
0.629728
3.45152
0.643035
1.00188
0.643035
1.00188
0.643035
1.00752
0.643035
1.0169
0.643035
1.03003
0.643035
1.04686
0.643035
1.06739
0.643035
1.09157
0.643035
1.11938
0.643035
1.15077
0.643035
1.18569
0.643035
1.22409
0.643035
1.26592
0.643035
1.3111
0.643035
1.35958
0.643035
1.41128
0.643035
1.46612
0.643035
1.52402
0.643035
1.58489
0.643035
1.64864
0.643035
1.71518
0.643035
1.7844
0.643035
1.8562
0.643035
1.93047
0.643035
2.0071
0.643035
2.08598
0.643035
2.16699
0.643035
2.25
0.643035
2.33489
0.643035
2.42153
0.643035
2.5098
0.643035
2.59956
0.643035
2.69067
0.643035
2.78299
0.643035
2.8764
0.643035
2.97074
0.643035
3.06588
0.643035
3.16167
0.643035
3.25797
0.643035
3.35464
0.643035
3.45152
0.656879
1.00188
0.656879
1.00188
0.656879
1.00752
0.656879
1.0169
0.656879
1.03003
0.656879
1.04686
0.656879
1.06739
0.656879
1.09157
0.656879
1.11938
0.656879
1.15077
0.656879
1.18569
0.656879
1.22409
0.656879
1.26592
0.656879
1.3111
0.656879
1.35958
0.656879
1.41128
0.656879
1.46612
0.656879
1.52402
0.656879
1.58489
0.656879
1.64864
0.656879
1.71518
0.656879
1.7844
0.656879
1.8562
0.656879
1.93047
0.656879
2.0071
0.656879
2.08598
0.656879
2.16699
0.656879
2.25
0.656879
2.33489
0.656879
2.42153
0.656879
2.5098
0.656879
2.59956
0.656879
2.69067
0.656879
2.78299
0.656879
2.8764
0.656879
2.97074
0.656879
3.06588
0.656879
3.16167
0.656879
3.25797
0.656879
3.35464
0.656879
3.45152
0.671239
1.00188
0.671239
1.00188
0.671239
1.00752
0.671239
1.0169
0.671239
1.03003
0.671239
1.04686
0.671239
1.06739
0.671239
1.09157
0.671239
1.11938
0.671239
1.15077
0.671239
1.18569
0.671239
1.22409
0.671239
1.26592
0.671239
1.3111
0.671239
1.35958
0.671239
1.41128
0.671239
1.46612
0.671239
1.52402
0.671239
1.58489
0.671239
1.64864
0.671239
1.71518
0.671239
1.7844
0.671239
1.8562
0.671239
1.93047
0.671239
2.0071
0.671239
2.08598
0.671239
2.16699
0.671239
2.25
0.671239
2.33489
0.671239
2.42153
0.671239
2.5098
0.671239
2.59956
0.671239
2.69067
0.671239
2.78299
0.671239
2.8764
0.671239
2.97074
0.671239
3.06588
0.671239
3.16167
0.671239
3.25797
0.671239
3.35464
0.671239
3.45152
0.686094
1.00188
0.686094
1.00188
0.686094
1.00752
0.686094
1.0169
0.686094
1.03003
0.686094
1.04686
0.686094
1.06739
0.686094
1.09157
0.686094
1.11938
0.686094
1.15077
0.686094
1.18569
0.686094
1.22409
0.686094
1.26592
0.686094
1.3111
0.686094
1.35958
0.686094
1.41128
0.686094
1.46612
0.686094
1.52402
0.686094
1.58489
0.686094
1.64864
0.686094
1.71518
0.686094
1.7844
0.686094
1.8562
0.686094
1.93047
0.686094
2.0071
0.686094
2.08598
0.686094
2.16699
0.686094
2.25
0.686094
2.33489
0.686094
2.42153
0.686094
2.5098
0.686094
2.59956
0.686094
2.69067
0.686094
2.78299
0.686094
2.8764
0.686094
2.97074
0.686094
3.06588
0.686094
3.16167
0.686094
3.25797
0.686094
3.35464
0.686094
3.45152
0.701421
1.00188
0.701421
1.00188
0.701421
1.00752
0.701421
1.0169
0.701421
1.03003
0.701421
1.04686
0.701421
1.06739
0.701421
1.09157
0.701421
1.11938
0.701421
1.15077
0.701421
1.18569
0.701421
1.22409
0.701421
1.26592
0.701421
1.3111
0.701421
1.35958
0.701421
1.41128
0.701421
1.46612
0.701421
1.52402
0.701421
1.58489
0.701421
1.64864
0.701421
1.71518
0.701421
1.7844
0.701421
1.8562
0.701421
1.93047
0.701421
2.0071
0.701421
2.08598
0.701421
2.16699
0.701421
2.25
0.701421
2.33489
0.701421
2.42153
0.701421
2.5098
0.701421
2.59956
0.701421
2.69067
0.701421
2.78299
0.701421
2.8764
0.701421
2.97074
0.701421
3.06588
0.701421
3.16167
0.701421
3.25797
0.701421
3.35464
0.701421
3.45152
0.717197
1.00188
0.717197
1.00188
0.717197
1.00752
0.717197
1.0169
0.717197
1.03003
0.717197
1.04686
0.717197
1.06739
0.717197
1.09157
0.717197
1.11938
0.717197
1.15077
0.717197
1.18569
0.717197
1.22409
0.717197
1.26592
0.717197
1.3111
0.717197
1.35958
0.717197
1.41128
0.717197
1.46612
0.717197
1.52402
0.717197
1.58489
0.717197
1.64864
0.717197
1.71518
0.717197
1.7844
0.717197
1.8562
0.717197
1.93047
0.717197
2.0071
0.717197
2.08598
0.717197
2.16699
0.717197
2.25
0.717197
2.33489
0.717197
2.42153
0.717197
2.5098
0.717197
2.59956
0.717197
2.69067
0.717197
2.78299
0.717197
2.8764
0.717197
2.97074
0.717197
3.06588
0.717197
3.16167
0.717197
3.25797
0.717197
3.35464
0.717197
3.45152
0.733398
1.00188
0.733398
1.00188
0.733398
1.00752
0.733398
1.0169
0.733398
1.03003
0.733398
1.04686
0.733398
1.06739
0.733398
1.09157
0.733398
1.11938
0.733398
1.15077
0.733398
1.18569
0.733398
1.22409
0.733398
1.26592
0.733398
1.3111
0.733398
1.35958
0.733398
1.41128
0.733398
1.46612
0.733398
1.52402
0.733398
1.58489
0.733398
1.64864
0.733398
1.71518
0.733398
1.7844
0.733398
1.8562
0.733398
1.93047
0.733398
2.0071
0.733398
2.08598
0.733398
2.16699
0.733398
2.25
0.733398
2.33489
0.733398
2.42153
0.733398
2.5098
0.733398
2.59956
0.733398
2.69067
0.733398
2.78299
0.733398
2.8764
0.733398
2.97074
0.733398
3.06588
0.733398
3.16167
0.733398
3.25797
0.733398
3.35464
0.733398
3.45152
0.75
1.00188
0.75
1.00188
0.75
1.00752
0.75
1.0169
0.75
1.03003
0.75
1.04686
0.75
1.06739
0.75
1.09157
0.75
1.11938
0.75
1.15077
0.75
1.18569
0.75
1.22409
0.75
1.26592
0.75
1.3111
0.75
1.35958
0.75
1.41128
0.75
1.46612
0.75
1.52402
0.75
1.58489
0.75
1.64864
0.75
1.71518
0.75
1.7844
0.75
1.8562
0.75
1.93047
0.75
2.0071
0.75
2.08598
0.75
2.16699
0.75
2.25
0.75
2.33489
0.75
2.42153
0.75
2.5098
0.75
2.59956
0.75
2.69067
0.75
2.78299
0.75
2.8764
0.75
2.97074
0.75
3.06588
0.75
3.16167
0.75
3.25797
0.75
3.35464
0.75
3.45152
0.766978
1.00188
0.766978
1.00188
0.766978
1.00752
0.766978
1.0169
0.766978
1.03003
0.766978
1.04686
0.766978
1.06739
0.766978
1.09157
0.766978
1.11938
0.766978
1.15077
0.766978
1.18569
0.766978
1.22409
0.766978
1.26592
0.766978
1.3111
0.766978
1.35958
0.766978
1.41128
0.766978
1.46612
0.766978
1.52402
0.766978
1.58489
0.766978
1.64864
0.766978
1.71518
0.766978
1.7844
0.766978
1.8562
0.766978
1.93047
0.766978
2.0071
0.766978
2.08598
0.766978
2.16699
0.766978
2.25
0.766978
2.33489
0.766978
2.42153
0.766978
2.5098
0.766978
2.59956
0.766978
2.69067
0.766978
2.78299
0.766978
2.8764
0.766978
2.97074
0.766978
3.06588
0.766978
3.16167
0.766978
3.25797
0.766978
3.35464
0.766978
3.45152
0.784307
1.00188
0.784307
1.00188
0.784307
1.00752
0.784307
1.0169
0.784307
1.03003
0.784307
1.04686
0.784307
1.06739
0.784307
1.09157
0.784307
1.11938
0.784307
1.15077
0.784307
1.18569
0.784307
1.22409
0.784307
1.26592
0.784307
1.3111
0.784307
1.35958
0.784307
1.41128
0.784307
1.46612
0.784307
1.52402
0.784307
1.58489
0.784307
1.64864
0.784307
1.71518
0.784307
1.7844
0.784307
1.8562
0.784307
1.93047
0.784307
2.0071
0.784307
2.08598
0.784307
2.16699
0.784307
2.25
0.784307
2.33489
0.784307
2.42153
0.784307
2.5098
0.784307
2.59956
0.784307
2.69067
0.784307
2.78299
0.784307
2.8764
0.784307
2.97074
0.784307
3.06588
0.784307
3.16167
0.784307
3.25797
0.784307
3.35464
0.784307
3.45152
0.80196
1.00188
0.80196
1.00188
0.80196
1.00752
0.80196
1.0169
0.80196
1.03003
0.80196
1.04686
0.80196
1.06739
0.80196
1.09157
0.80196
1.11938
0.80196
1.15077
0.80196
1.18569
0.80196
1.22409
0.80196
1.26592
0.80196
1.3111
0.80196
1.35958
0.80196
1.41128
0.80196
1.46612
0.80196
1.52402
0.80196
1.58489
0.80196
1.64864
0.80196
1.71518
0.80196
1.7844
0.80196
1.8562
0.80196
1.93047
0.80196
2.0071
0.80196
2.08598
0.80196
2.16699
0.80196
2.25
0.80196
2.33489
0.80196
2.42153
0.80196
2.5098
0.80196
2.59956
0.80196
2.69067
0.80196
2.78299
0.80196
2.8764
0.80196
2.97074
0.80196
3.06588
0.80196
3.16167
0.80196
3.25797
0.80196
3.35464
0.80196
3.45152
0.819911
1.00188
0.819911
1.00188
0.819911
1.00752
0.819911
1.0169
0.819911
1.03003
0.819911
1.04686
0.819911
1.06739
0.819911
1.09157
0.819911
1.11938
0.819911
1.15077
0.819911
1.18569
0.819911
1.22409
0.819911
1.26592
0.819911
1.3111
0.819911
1.35958
0.819911
1.41128
0.819911
1.46612
0.819911
1.52402
0.819911
1.58489
0.819911
1.64864
0.819911
1.71518
0.819911
1.7844
0.819911
1.8562
0.819911
1.93047
0.819911
2.0071
0.819911
2.08598
0.819911
2.16699
0.819911
2.25
0.819911
2.33489
0.819911
2.42153
0.819911
2.5098
0.819911
2.59956
0.819911
2.69067
0.819911
2.78299
0.819911
2.8764
0.819911
2.97074
0.819911
3.06588
0.819911
3.16167
0.819911
3.25797
0.819911
3.35464
0.819911
3.45152
0.838133
1.00188
0.838133
1.00188
0.838133
1.00752
0.838133
1.0169
0.838133
1.03003
0.838133
1.04686
0.838133
1.06739
0.838133
1.09157
0.838133
1.11938
0.838133
1.15077
0.838133
1.18569
0.838133
1.22409
0.838133
1.26592
0.838133
1.3111
0.838133
1.35958
0.838133
1.41128
0.838133
1.46612
0.838133
1.52402
0.838133
1.58489
0.838133
1.64864
0.838133
1.71518
0.838133
1.7844
0.838133
1.8562
0.838133
1.93047
0.838133
2.0071
0.838133
2.08598
0.838133
2.16699
0.838133
2.25
0.838133
2.33489
0.838133
2.42153
0.838133
2.5098
0.838133
2.59956
0.838133
2.69067
0.838133
2.78299
0.838133
2.8764
0.838133
2.97074
0.838133
3.06588
0.838133
3.16167
0.838133
3.25797
0.838133
3.35464
0.838133
3.45152
0.856598
1.00188
0.856598
1.00188
0.856598
1.00752
0.856598
1.0169
0.856598
1.03003
0.856598
1.04686
0.856598
1.06739
0.856598
1.09157
0.856598
1.11938
0.856598
1.15077
0.856598
1.18569
0.856598
1.22409
0.856598
1.26592
0.856598
1.3111
0.856598
1.35958
0.856598
1.41128
0.856598
1.46612
0.856598
1.52402
0.856598
1.58489
0.856598
1.64864
0.856598
1.71518
0.856598
1.7844
0.856598
1.8562
0.856598
1.93047
0.856598
2.0071
0.856598
2.08598
0.856598
2.16699
0.856598
2.25
0.856598
2.33489
0.856598
2.42153
0.856598
2.5098
0.856598
2.59956
0.856598
2.69067
0.856598
2.78299
0.856598
2.8764
0.856598
2.97074
0.856598
3.06588
0.856598
3.16167
0.856598
3.25797
0.856598
3.35464
0.856598
3.45152
0.875279
1.00188
0.875279
1.00188
0.875279
1.00752
0.875279
1.0169
0.875279
1.03003
0.875279
1.04686
0.875279
1.06739
0.875279
1.09157
0.875279
1.11938
0.875279
1.15077
0.875279
1.18569
0.875279
1.22409
0.875279
1.26592
0.875279
1.3111
0.875279
1.35958
0.875279
1.41128
0.875279
1.46612
0.875279
1.52402
0.875279
1.58489
0.875279
1.64864
0.875279
1.71518
0.875279
1.7844
0.875279
1.8562
0.875279
1.93047
0.875279
2.0071
0.875279
2.08598
0.875279
2.16699
0.875279
2.25
0.875279
2.33489
0.875279
2.42153
0.875279
2.5098
0.875279
2.59956
0.875279
2.69067
0.875279
2.78299
0.875279
2.8764
0.875279
2.97074
0.875279
3.06588
0.875279
3.16167
0.875279
3.25797
0.875279
3.35464
0.875279
3.45152
0.894148
1.00188
0.894148
1.00188
0.894148
1.00752
0.894148
1.0169
0.894148
1.03003
0.894148
1.04686
0.894148
1.06739
0.894148
1.09157
0.894148
1.11938
0.894148
1.15077
0.894148
1.18569
0.894148
1.22409
0.894148
1.26592
0.894148
1.3111
0.894148
1.35958
0.894148
1.41128
0.894148
1.46612
0.894148
1.52402
0.894148
1.58489
0.894148
1.64864
0.894148
1.71518
0.894148
1.7844
0.894148
1.8562
0.894148
1.93047
0.894148
2.0071
0.894148
2.08598
0.894148
2.16699
0.894148
2.25
0.894148
2.33489
0.894148
2.42153
0.894148
2.5098
0.894148
2.59956
0.894148
2.69067
0.894148
2.78299
0.894148
2.8764
0.894148
2.97074
0.894148
3.06588
0.894148
3.16167
0.894148
3.25797
0.894148
3.35464
0.894148
3.45152
0.913176
1.00188
0.913176
1.00188
0.913176
1.00752
0.913176
1.0169
0.913176
1.03003
0.913176
1.04686
0.913176
1.06739
0.913176
1.09157
0.913176
1.11938
0.913176
1.15077
0.913176
1.18569
0.913176
1.22409
0.913176
1.26592
0.913176
1.3111
0.913176
1.35958
0.913176
1.41128
0.913176
1.46612
0.913176
1.52402
0.913176
1.58489
0.913176
1.64864
0.913176
1.71518
0.913176
1.7844
0.913176
1.8562
0.913176
1.93047
0.913176
2.0071
0.913176
2.08598
0.913176
2.16699
0.913176
2.25
0.913176
2.33489
0.913176
2.42153
0.913176
2.5098
0.913176
2.59956
0.913176
2.69067
0.913176
2.78299
0.913176
2.8764
0.913176
2.97074
0.913176
3.06588
0.913176
3.16167
0.913176
3.25797
0.913176
3.35464
0.913176
3.45152
0.932334
1.00188
0.932334
1.00188
0.932334
1.00752
0.932334
1.0169
0.932334
1.03003
0.932334
1.04686
0.932334
1.06739
0.932334
1.09157
0.932334
1.11938
0.932334
1.15077
0.932334
1.18569
0.932334
1.22409
0.932334
1.26592
0.932334
1.3111
0.932334
1.35958
0.932334
1.41128
0.932334
1.46612
0.932334
1.52402
0.932334
1.58489
0.932334
1.64864
0.932334
1.71518
0.932334
1.7844
0.932334
1.8562
0.932334
1.93047
0.932334
2.0071
0.932334
2.08598
0.932334
2.16699
0.932334
2.25
0.932334
2.33489
0.932334
2.42153
0.932334
2.5098
0.932334
2.59956
0.932334
2.69067
0.932334
2.78299
0.932334
2.8764
0.932334
2.97074
0.932334
3.06588
0.932334
3.16167
0.932334
3.25797
0.932334
3.35464
0.932334
3.45152
0.951595
1.00188
0.951595
1.00188
0.951595
1.00752
0.951595
1.0169
0.951595
1.03003
0.951595
1.04686
0.951595
1.06739
0.951595
1.09157
0.951595
1.11938
0.951595
1.15077
0.951595
1.18569
0.951595
1.22409
0.951595
1.26592
0.951595
1.3111
0.951595
1.35958
0.951595
1.41128
0.951595
1.46612
0.951595
1.52402
0.951595
1.58489
0.951595
1.64864
0.951595
1.71518
0.951595
1.7844
0.951595
1.8562
0.951595
1.93047
0.951595
2.0071
0.951595
2.08598
0.951595
2.16699
0.951595
2.25
0.951595
2.33489
0.951595
2.42153
0.951595
2.5098
0.951595
2.59956
0.951595
2.69067
0.951595
2.78299
0.951595
2.8764
0.951595
2.97074
0.951595
3.06588
0.951595
3.16167
0.951595
3.25797
0.951595
3.35464
0.951595
3.45152
0.970928
1.00188
0.970928
1.00188
0.970928
1.00752
0.970928
1.0169
0.970928
1.03003
0.970928
1.04686
0.970928
1.06739
0.970928
1.09157
0.970928
1.11938
0.970928
1.15077
0.970928
1.18569
0.970928
1.22409
0.970928
1.26592
0.970928
1.3111
0.970928
1.35958
0.970928
1.41128
0.970928
1.46612
0.970928
1.52402
0.970928
1.58489
0.970928
1.64864
0.970928
1.71518
0.970928
1.7844
0.970928
1.8562
0.970928
1.93047
0.970928
2.0071
0.970928
2.08598
0.970928
2.16699
0.970928
2.25
0.970928
2.33489
0.970928
2.42153
0.970928
2.5098
0.970928
2.59956
0.970928
2.69067
0.970928
2.78299
0.970928
2.8764
0.970928
2.97074
0.970928
3.06588
0.970928
3.16167
0.970928
3.25797
0.970928
3.35464
0.970928
3.45152
0.990304
1.00188
0.990304
1.00188
0.990304
1.00752
0.990304
1.0169
0.990304
1.03003
0.990304
1.04686
0.990304
1.06739
0.990304
1.09157
0.990304
1.11938
0.990304
1.15077
0.990304
1.18569
0.990304
1.22409
0.990304
1.26592
0.990304
1.3111
0.990304
1.35958
0.990304
1.41128
0.990304
1.46612
0.990304
1.52402
0.990304
1.58489
0.990304
1.64864
0.990304
1.71518
0.990304
1.7844
0.990304
1.8562
0.990304
1.93047
0.990304
2.0071
0.990304
2.08598
0.990304
2.16699
0.990304
2.25
0.990304
2.33489
0.990304
2.42153
0.990304
2.5098
0.990304
2.59956
0.990304
2.69067
0.990304
2.78299
0.990304
2.8764
0.990304
2.97074
0.990304
3.06588
0.990304
3.16167
0.990304
3.25797
0.990304
3.35464
0.990304
3.45152
