0.500376
3.54848
0.500376
3.64536
0.500376
3.74203
0.500376
3.83833
0.500376
3.93412
0.500376
4.02926
0.500376
4.1236
0.500376
4.21701
0.500376
4.30933
0.500376
4.40044
0.500376
4.4902
0.500376
4.57847
0.500376
4.66511
0.500376
4.75
0.500376
4.83301
0.500376
4.91402
0.500376
4.9929
0.500376
5.06953
0.500376
5.1438
0.500376
5.2156
0.500376
5.28482
0.500376
5.35136
0.500376
5.41511
0.500376
5.47598
0.500376
5.53388
0.500376
5.58872
0.500376
5.64042
0.500376
5.6889
0.500376
5.73408
0.500376
5.77591
0.500376
5.81431
0.500376
5.84923
0.500376
5.88062
0.500376
5.90843
0.500376
5.93261
0.500376
5.95314
0.500376
5.96997
0.500376
5.9831
0.500376
5.99248
0.500376
5.99812
0.500376
5.99812
0.500376
3.54848
0.500376
3.64536
0.500376
3.74203
0.500376
3.83833
0.500376
3.93412
0.500376
4.02926
0.500376
4.1236
0.500376
4.21701
0.500376
4.30933
0.500376
4.40044
0.500376
4.4902
0.500376
4.57847
0.500376
4.66511
0.500376
4.75
0.500376
4.83301
0.500376
4.91402
0.500376
4.9929
0.500376
5.06953
0.500376
5.1438
0.500376
5.2156
0.500376
5.28482
0.500376
5.35136
0.500376
5.41511
0.500376
5.47598
0.500376
5.53388
0.500376
5.58872
0.500376
5.64042
0.500376
5.6889
0.500376
5.73408
0.500376
5.77591
0.500376
5.81431
0.500376
5.84923
0.500376
5.88062
0.500376
5.90843
0.500376
5.93261
0.500376
5.95314
0.500376
5.96997
0.500376
5.9831
0.500376
5.99248
0.500376
5.99812
0.500376
5.99812
0.501504
3.54848
0.501504
3.64536
0.501504
3.74203
0.501504
3.83833
0.501504
3.93412
0.501504
4.02926
0.501504
4.1236
0.501504
4.21701
0.501504
4.30933
0.501504
4.40044
0.501504
4.4902
0.501504
4.57847
0.501504
4.66511
0.501504
4.75
0.501504
4.83301
0.501504
4.91402
0.501504
4.9929
0.501504
5.06953
0.501504
5.1438
0.501504
5.2156
0.501504
5.28482
0.501504
5.35136
0.501504
5.41511
0.501504
5.47598
0.501504
5.53388
0.501504
5.58872
0.501504
5.64042
0.501504
5.6889
0.501504
5.73408
0.501504
5.77591
0.501504
5.81431
0.501504
5.84923
0.501504
5.88062
0.501504
5.90843
0.501504
5.93261
0.501504
5.95314
0.501504
5.96997
0.501504
5.9831
0.501504
5.99248
0.501504
5.99812
0.501504
5.99812
0.503381
3.54848
0.503381
3.64536
0.503381
3.74203
0.503381
3.83833
0.503381
3.93412
0.503381
4.02926
0.503381
4.1236
0.503381
4.21701
0.503381
4.30933
0.503381
4.40044
0.503381
4.4902
0.503381
4.57847
0.503381
4.66511
0.503381
4.75
0.503381
4.83301
0.503381
4.91402
0.503381
4.9929
0.503381
5.06953
0.503381
5.1438
0.503381
5.2156
0.503381
5.28482
0.503381
5.35136
0.503381
5.41511
0.503381
5.47598
0.503381
5.53388
0.503381
5.58872
0.503381
5.64042
0.503381
5.6889
0.503381
5.73408
0.503381
5.77591
0.503381
5.81431
0.503381
5.84923
0.503381
5.88062
0.503381
5.90843
0.503381
5.93261
0.503381
5.95314
0.503381
5.96997
0.503381
5.9831
0.503381
5.99248
0.503381
5.99812
0.503381
5.99812
0.506005
3.54848
0.506005
3.64536
0.506005
3.74203
0.506005
3.83833
0.506005
3.93412
0.506005
4.02926
0.506005
4.1236
0.506005
4.21701
0.506005
4.30933
0.506005
4.40044
0.506005
4.4902
0.506005
4.57847
0.506005
4.66511
0.506005
4.75
0.506005
4.83301
0.506005
4.91402
0.506005
4.9929
0.506005
5.06953
0.506005
5.1438
0.506005
5.2156
0.506005
5.28482
0.506005
5.35136
0.506005
5.41511
0.506005
5.47598
0.506005
5.53388
0.506005
5.58872
0.506005
5.64042
0.506005
5.6889
0.506005
5.73408
0.506005
5.77591
0.506005
5.81431
0.506005
5.84923
0.506005
5.88062
0.506005
5.90843
0.506005
5.93261
0.506005
5.95314
0.506005
5.96997
0.506005
5.9831
0.506005
5.99248
0.506005
5.99812
0.506005
5.99812
0.509372
3.54848
0.509372
3.64536
0.509372
3.74203
0.509372
3.83833
0.509372
3.93412
0.509372
4.02926
0.509372
4.1236
0.509372
4.21701
0.509372
4.30933
0.509372
4.40044
0.509372
4.4902
0.509372
4.57847
0.509372
4.66511
0.509372
4.75
0.509372
4.83301
0.509372
4.91402
0.509372
4.9929
0.509372
5.06953
0.509372
5.1438
0.509372
5.2156
0.509372
5.28482
0.509372
5.35136
0.509372
5.41511
0.509372
5.47598
0.509372
5.53388
0.509372
5.58872
0.509372
5.64042
0.509372
5.6889
0.509372
5.73408
0.509372
5.77591
0.509372
5.81431
0.509372
5.84923
0.509372
5.88062
0.509372
5.90843
0.509372
5.93261
0.509372
5.95314
0.509372
5.96997
0.509372
5.9831
0.509372
5.99248
0.509372
5.99812
0.509372
5.99812
0.513478
3.54848
0.513478
3.64536
0.513478
3.74203
0.513478
3.83833
0.513478
3.93412
0.513478
4.02926
0.513478
4.1236
0.513478
4.21701
0.513478
4.30933
0.513478
4.40044
0.513478
4.4902
0.513478
4.57847
0.513478
4.66511
0.513478
4.75
0.513478
4.83301
0.513478
4.91402
0.513478
4.9929
0.513478
5.06953
0.513478
5.1438
0.513478
5.2156
0.513478
5.28482
0.513478
5.35136
0.513478
5.41511
0.513478
5.47598
0.513478
5.53388
0.513478
5.58872
0.513478
5.64042
0.513478
5.6889
0.513478
5.73408
0.513478
5.77591
0.513478
5.81431
0.513478
5.84923
0.513478
5.88062
0.513478
5.90843
0.513478
5.93261
0.513478
5.95314
0.513478
5.96997
0.513478
5.9831
0.513478
5.99248
0.513478
5.99812
0.513478
5.99812
0.518315
3.54848
0.518315
3.64536
0.518315
3.74203
0.518315
3.83833
0.518315
3.93412
0.518315
4.02926
0.518315
4.1236
0.518315
4.21701
0.518315
4.30933
0.518315
4.40044
0.518315
4.4902
0.518315
4.57847
0.518315
4.66511
0.518315
4.75
0.518315
4.83301
0.518315
4.91402
0.518315
4.9929
0.518315
5.06953
0.518315
5.1438
0.518315
5.2156
0.518315
5.28482
0.518315
5.35136
0.518315
5.41511
0.518315
5.47598
0.518315
5.53388
0.518315
5.58872
0.518315
5.64042
0.518315
5.6889
0.518315
5.73408
0.518315
5.77591
0.518315
5.81431
0.518315
5.84923
0.518315
5.88062
0.518315
5.90843
0.518315
5.93261
0.518315
5.95314
0.518315
5.96997
0.518315
5.9831
0.518315
5.99248
0.518315
5.99812
0.518315
5.99812
0.523876
3.54848
0.523876
3.64536
0.523876
3.74203
0.523876
3.83833
0.523876
3.93412
0.523876
4.02926
0.523876
4.1236
0.523876
4.21701
0.523876
4.30933
0.523876
4.40044
0.523876
4.4902
0.523876
4.57847
0.523876
4.66511
0.523876
4.75
0.523876
4.83301
0.523876
4.91402
0.523876
4.9929
0.523876
5.06953
0.523876
5.1438
0.523876
5.2156
0.523876
5.28482
0.523876
5.35136
0.523876
5.41511
0.523876
5.47598
0.523876
5.53388
0.523876
5.58872
0.523876
5.64042
0.523876
5.6889
0.523876
5.73408
0.523876
5.77591
0.523876
5.81431
0.523876
5.84923
0.523876
5.88062
0.523876
5.90843
0.523876
5.93261
0.523876
5.95314
0.523876
5.96997
0.523876
5.9831
0.523876
5.99248
0.523876
5.99812
0.523876
5.99812
0.530154
3.54848
0.530154
3.64536
0.530154
3.74203
0.530154
3.83833
0.530154
3.93412
0.530154
4.02926
0.530154
4.1236
0.530154
4.21701
0.530154
4.30933
0.530154
4.40044
0.530154
4.4902
0.530154
4.57847
0.530154
4.66511
0.530154
4.75
0.530154
4.83301
0.530154
4.91402
0.530154
4.9929
0.530154
5.06953
0.530154
5.1438
0.530154
5.2156
0.530154
5.28482
0.530154
5.35136
0.530154
5.41511
0.530154
5.47598
0.530154
5.53388
0.530154
5.58872
0.530154
5.64042
0.530154
5.6889
0.530154
5.73408
0.530154
5.77591
0.530154
5.81431
0.530154
5.84923
0.530154
5.88062
0.530154
5.90843
0.530154
5.93261
0.530154
5.95314
0.530154
5.96997
0.530154
5.9831
0.530154
5.99248
0.530154
5.99812
0.530154
5.99812
0.537138
3.54848
0.537138
3.64536
0.537138
3.74203
0.537138
3.83833
0.537138
3.93412
0.537138
4.02926
0.537138
4.1236
0.537138
4.21701
0.537138
4.30933
0.537138
4.40044
0.537138
4.4902
0.537138
4.57847
0.537138
4.66511
0.537138
4.75
0.537138
4.83301
0.537138
4.91402
0.537138
4.9929
0.537138
5.06953
0.537138
5.1438
0.537138
5.2156
0.537138
5.28482
0.537138
5.35136
0.537138
5.41511
0.537138
5.47598
0.537138
5.53388
0.537138
5.58872
0.537138
5.64042
0.537138
5.6889
0.537138
5.73408
0.537138
5.77591
0.537138
5.81431
0.537138
5.84923
0.537138
5.88062
0.537138
5.90843
0.537138
5.93261
0.537138
5.95314
0.537138
5.96997
0.537138
5.9831
0.537138
5.99248
0.537138
5.99812
0.537138
5.99812
0.544819
3.54848
0.544819
3.64536
0.544819
3.74203
0.544819
3.83833
0.544819
3.93412
0.544819
4.02926
0.544819
4.1236
0.544819
4.21701
0.544819
4.30933
0.544819
4.40044
0.544819
4.4902
0.544819
4.57847
0.544819
4.66511
0.544819
4.75
0.544819
4.83301
0.544819
4.91402
0.544819
4.9929
0.544819
5.06953
0.544819
5.1438
0.544819
5.2156
0.544819
5.28482
0.544819
5.35136
0.544819
5.41511
0.544819
5.47598
0.544819
5.53388
0.544819
5.58872
0.544819
5.64042
0.544819
5.6889
0.544819
5.73408
0.544819
5.77591
0.544819
5.81431
0.544819
5.84923
0.544819
5.88062
0.544819
5.90843
0.544819
5.93261
0.544819
5.95314
0.544819
5.96997
0.544819
5.9831
0.544819
5.99248
0.544819
5.99812
0.544819
5.99812
0.553184
3.54848
0.553184
3.64536
0.553184
3.74203
0.553184
3.83833
0.553184
3.93412
0.553184
4.02926
0.553184
4.1236
0.553184
4.21701
0.553184
4.30933
0.553184
4.40044
0.553184
4.4902
0.553184
4.57847
0.553184
4.66511
0.553184
4.75
0.553184
4.83301
0.553184
4.91402
0.553184
4.9929
0.553184
5.06953
0.553184
5.1438
0.553184
5.2156
0.553184
5.28482
0.553184
5.35136
0.553184
5.41511
0.553184
5.47598
0.553184
5.53388
0.553184
5.58872
0.553184
5.64042
0.553184
5.6889
0.553184
5.73408
0.553184
5.77591
0.553184
5.81431
0.553184
5.84923
0.553184
5.88062
0.553184
5.90843
0.553184
5.93261
0.553184
5.95314
0.553184
5.96997
0.553184
5.9831
0.553184
5.99248
0.553184
5.99812
0.553184
5.99812
0.562221
3.54848
0.562221
3.64536
0.562221
3.74203
0.562221
3.83833
0.562221
3.93412
0.562221
4.02926
0.562221
4.1236
0.562221
4.21701
0.562221
4.30933
0.562221
4.40044
0.562221
4.4902
0.562221
4.57847
0.562221
4.66511
0.562221
4.75
0.562221
4.83301
0.562221
4.91402
0.562221
4.9929
0.562221
5.06953
0.562221
5.1438
0.562221
5.2156
0.562221
5.28482
0.562221
5.35136
0.562221
5.41511
0.562221
5.47598
0.562221
5.53388
0.562221
5.58872
0.562221
5.64042
0.562221
5.6889
0.562221
5.73408
0.562221
5.77591
0.562221
5.81431
0.562221
5.84923
0.562221
5.88062
0.562221
5.90843
0.562221
5.93261
0.562221
5.95314
0.562221
5.96997
0.562221
5.9831
0.562221
5.99248
0.562221
5.99812
0.562221
5.99812
0.571917
3.54848
0.571917
3.64536
0.571917
3.74203
0.571917
3.83833
0.571917
3.93412
0.571917
4.02926
0.571917
4.1236
0.571917
4.21701
0.571917
4.30933
0.571917
4.40044
0.571917
4.4902
0.571917
4.57847
0.571917
4.66511
0.571917
4.75
0.571917
4.83301
0.571917
4.91402
0.571917
4.9929
0.571917
5.06953
0.571917
5.1438
0.571917
5.2156
0.571917
5.28482
0.571917
5.35136
0.571917
5.41511
0.571917
5.47598
0.571917
5.53388
0.571917
5.58872
0.571917
5.64042
0.571917
5.6889
0.571917
5.73408
0.571917
5.77591
0.571917
5.81431
0.571917
5.84923
0.571917
5.88062
0.571917
5.90843
0.571917
5.93261
0.571917
5.95314
0.571917
5.96997
0.571917
5.9831
0.571917
5.99248
0.571917
5.99812
0.571917
5.99812
0.582256
3.54848
0.582256
3.64536
0.582256
3.74203
0.582256
3.83833
0.582256
3.93412
0.582256
4.02926
0.582256
4.1236
0.582256
4.21701
0.582256
4.30933
0.582256
4.40044
0.582256
4.4902
0.582256
4.57847
0.582256
4.66511
0.582256
4.75
0.582256
4.83301
0.582256
4.91402
0.582256
4.9929
0.582256
5.06953
0.582256
5.1438
0.582256
5.2156
0.582256
5.28482
0.582256
5.35136
0.582256
5.41511
0.582256
5.47598
0.582256
5.53388
0.582256
5.58872
0.582256
5.64042
0.582256
5.6889
0.582256
5.73408
0.582256
5.77591
0.582256
5.81431
0.582256
5.84923
0.582256
5.88062
0.582256
5.90843
0.582256
5.93261
0.582256
5.95314
0.582256
5.96997
0.582256
5.9831
0.582256
5.99248
0.582256
5.99812
0.582256
5.99812
0.593224
3.54848
0.593224
3.64536
0.593224
3.74203
0.593224
3.83833
0.593224
3.93412
0.593224
4.02926
0.593224
4.1236
0.593224
4.21701
0.593224
4.30933
0.593224
4.40044
0.593224
4.4902
0.593224
4.57847
0.593224
4.66511
0.593224
4.75
0.593224
4.83301
0.593224
4.91402
0.593224
4.9929
0.593224
5.06953
0.593224
5.1438
0.593224
5.2156
0.593224
5.28482
0.593224
5.35136
0.593224
5.41511
0.593224
5.47598
0.593224
5.53388
0.593224
5.58872
0.593224
5.64042
0.593224
5.6889
0.593224
5.73408
0.593224
5.77591
0.593224
5.81431
0.593224
5.84923
0.593224
5.88062
0.593224
5.90843
0.593224
5.93261
0.593224
5.95314
0.593224
5.96997
0.593224
5.9831
0.593224
5.99248
0.593224
5.99812
0.593224
5.99812
0.604804
3.54848
0.604804
3.64536
0.604804
3.74203
0.604804
3.83833
0.604804
3.93412
0.604804
4.02926
0.604804
4.1236
0.604804
4.21701
0.604804
4.30933
0.604804
4.40044
0.604804
4.4902
0.604804
4.57847
0.604804
4.66511
0.604804
4.75
0.604804
4.83301
0.604804
4.91402
0.604804
4.9929
0.604804
5.06953
0.604804
5.1438
0.604804
5.2156
0.604804
5.28482
0.604804
5.35136
0.604804
5.41511
0.604804
5.47598
0.604804
5.53388
0.604804
5.58872
0.604804
5.64042
0.604804
5.6889
0.604804
5.73408
0.604804
5.77591
0.604804
5.81431
0.604804
5.84923
0.604804
5.88062
0.604804
5.90843
0.604804
5.93261
0.604804
5.95314
0.604804
5.96997
0.604804
5.9831
0.604804
5.99248
0.604804
5.99812
0.604804
5.99812
0.616978
3.54848
0.616978
3.64536
0.616978
3.74203
0.616978
3.83833
0.616978
3.93412
0.616978
4.02926
0.616978
4.1236
0.616978
4.21701
0.616978
4.30933
0.616978
4.40044
0.616978
4.4902
0.616978
4.57847
0.616978
4.66511
0.616978
4.75
0.616978
4.83301
0.616978
4.91402
0.616978
4.9929
0.616978
5.06953
0.616978
5.1438
0.616978
5.2156
0.616978
5.28482
0.616978
5.35136
0.616978
5.41511
0.616978
5.47598
0.616978
5.53388
0.616978
5.58872
0.616978
5.64042
0.616978
5.6889
0.616978
5.73408
0.616978
5.77591
0.616978
5.81431
0.616978
5.84923
0.616978
5.88062
0.616978
5.90843
0.616978
5.93261
0.616978
5.95314
0.616978
5.96997
0.616978
5.9831
0.616978
5.99248
0.616978
5.99812
0.616978
5.99812
0.629728
3.54848
0.629728
3.64536
0.629728
3.74203
0.629728
3.83833
0.629728
3.93412
0.629728
4.02926
0.629728
4.1236
0.629728
4.21701
0.629728
4.30933
0.629728
4.40044
0.629728
4.4902
0.629728
4.57847
0.629728
4.66511
0.629728
4.75
0.629728
4.83301
0.629728
4.91402
0.629728
4.9929
0.629728
5.06953
0.629728
5.1438
0.629728
5.2156
0.629728
5.28482
0.629728
5.35136
0.629728
5.41511
0.629728
5.47598
0.629728
5.53388
0.629728
5.58872
0.629728
5.64042
0.629728
5.6889
0.629728
5.73408
0.629728
5.77591
0.629728
5.81431
0.629728
5.84923
0.629728
5.88062
0.629728
5.90843
0.629728
5.93261
0.629728
5.95314
0.629728
5.96997
0.629728
5.9831
0.629728
5.99248
0.629728
5.99812
0.629728
5.99812
0.643035
3.54848
0.643035
3.64536
0.643035
3.74203
0.643035
3.83833
0.643035
3.93412
0.643035
4.02926
0.643035
4.1236
0.643035
4.21701
0.643035
4.30933
0.643035
4.40044
0.643035
4.4902
0.643035
4.57847
0.643035
4.66511
0.643035
4.75
0.643035
4.83301
0.643035
4.91402
0.643035
4.9929
0.643035
5.06953
0.643035
5.1438
0.643035
5.2156
0.643035
5.28482
0.643035
5.35136
0.643035
5.41511
0.643035
5.47598
0.643035
5.53388
0.643035
5.58872
0.643035
5.64042
0.643035
5.6889
0.643035
5.73408
0.643035
5.77591
0.643035
5.81431
0.643035
5.84923
0.643035
5.88062
0.643035
5.90843
0.643035
5.93261
0.643035
5.95314
0.643035
5.96997
0.643035
5.9831
0.643035
5.99248
0.643035
5.99812
0.643035
5.99812
0.656879
3.54848
0.656879
3.64536
0.656879
3.74203
0.656879
3.83833
0.656879
3.93412
0.656879
4.02926
0.656879
4.1236
0.656879
4.21701
0.656879
4.30933
0.656879
4.40044
0.656879
4.4902
0.656879
4.57847
0.656879
4.66511
0.656879
4.75
0.656879
4.83301
0.656879
4.91402
0.656879
4.9929
0.656879
5.06953
0.656879
5.1438
0.656879
5.2156
0.656879
5.28482
0.656879
5.35136
0.656879
5.41511
0.656879
5.47598
0.656879
5.53388
0.656879
5.58872
0.656879
5.64042
0.656879
5.6889
0.656879
5.73408
0.656879
5.77591
0.656879
5.81431
0.656879
5.84923
0.656879
5.88062
0.656879
5.90843
0.656879
5.93261
0.656879
5.95314
0.656879
5.96997
0.656879
5.9831
0.656879
5.99248
0.656879
5.99812
0.656879
5.99812
0.671239
3.54848
0.671239
3.64536
0.671239
3.74203
0.671239
3.83833
0.671239
3.93412
0.671239
4.02926
0.671239
4.1236
0.671239
4.21701
0.671239
4.30933
0.671239
4.40044
0.671239
4.4902
0.671239
4.57847
0.671239
4.66511
0.671239
4.75
0.671239
4.83301
0.671239
4.91402
0.671239
4.9929
0.671239
5.06953
0.671239
5.1438
0.671239
5.2156
0.671239
5.28482
0.671239
5.35136
0.671239
5.41511
0.671239
5.47598
0.671239
5.53388
0.671239
5.58872
0.671239
5.64042
0.671239
5.6889
0.671239
5.73408
0.671239
5.77591
0.671239
5.81431
0.671239
5.84923
0.671239
5.88062
0.671239
5.90843
0.671239
5.93261
0.671239
5.95314
0.671239
5.96997
0.671239
5.9831
0.671239
5.99248
0.671239
5.99812
0.671239
5.99812
0.686094
3.54848
0.686094
3.64536
0.686094
3.74203
0.686094
3.83833
0.686094
3.93412
0.686094
4.02926
0.686094
4.1236
0.686094
4.21701
0.686094
4.30933
0.686094
4.40044
0.686094
4.4902
0.686094
4.57847
0.686094
4.66511
0.686094
4.75
0.686094
4.83301
0.686094
4.91402
0.686094
4.9929
0.686094
5.06953
0.686094
5.1438
0.686094
5.2156
0.686094
5.28482
0.686094
5.35136
0.686094
5.41511
0.686094
5.47598
0.686094
5.53388
0.686094
5.58872
0.686094
5.64042
0.686094
5.6889
0.686094
5.73408
0.686094
5.77591
0.686094
5.81431
0.686094
5.84923
0.686094
5.88062
0.686094
5.90843
0.686094
5.93261
0.686094
5.95314
0.686094
5.96997
0.686094
5.9831
0.686094
5.99248
0.686094
5.99812
0.686094
5.99812
0.701421
3.54848
0.701421
3.64536
0.701421
3.74203
0.701421
3.83833
0.701421
3.93412
0.701421
4.02926
0.701421
4.1236
0.701421
4.21701
0.701421
4.30933
0.701421
4.40044
0.701421
4.4902
0.701421
4.57847
0.701421
4.66511
0.701421
4.75
0.701421
4.83301
0.701421
4.91402
0.701421
4.9929
0.701421
5.06953
0.701421
5.1438
0.701421
5.2156
0.701421
5.28482
0.701421
5.35136
0.701421
5.41511
0.701421
5.47598
0.701421
5.53388
0.701421
5.58872
0.701421
5.64042
0.701421
5.6889
0.701421
5.73408
0.701421
5.77591
0.701421
5.81431
0.701421
5.84923
0.701421
5.88062
0.701421
5.90843
0.701421
5.93261
0.701421
5.95314
0.701421
5.96997
0.701421
5.9831
0.701421
5.99248
0.701421
5.99812
0.701421
5.99812
0.717197
3.54848
0.717197
3.64536
0.717197
3.74203
0.717197
3.83833
0.717197
3.93412
0.717197
4.02926
0.717197
4.1236
0.717197
4.21701
0.717197
4.30933
0.717197
4.40044
0.717197
4.4902
0.717197
4.57847
0.717197
4.66511
0.717197
4.75
0.717197
4.83301
0.717197
4.91402
0.717197
4.9929
0.717197
5.06953
0.717197
5.1438
0.717197
5.2156
0.717197
5.28482
0.717197
5.35136
0.717197
5.41511
0.717197
5.47598
0.717197
5.53388
0.717197
5.58872
0.717197
5.64042
0.717197
5.6889
0.717197
5.73408
0.717197
5.77591
0.717197
5.81431
0.717197
5.84923
0.717197
5.88062
0.717197
5.90843
0.717197
5.93261
0.717197
5.95314
0.717197
5.96997
0.717197
5.9831
0.717197
5.99248
0.717197
5.99812
0.717197
5.99812
0.733398
3.54848
0.733398
3.64536
0.733398
3.74203
0.733398
3.83833
0.733398
3.93412
0.733398
4.02926
0.733398
4.1236
0.733398
4.21701
0.733398
4.30933
0.733398
4.40044
0.733398
4.4902
0.733398
4.57847
0.733398
4.66511
0.733398
4.75
0.733398
4.83301
0.733398
4.91402
0.733398
4.9929
0.733398
5.06953
0.733398
5.1438
0.733398
5.2156
0.733398
5.28482
0.733398
5.35136
0.733398
5.41511
0.733398
5.47598
0.733398
5.53388
0.733398
5.58872
0.733398
5.64042
0.733398
5.6889
0.733398
5.73408
0.733398
5.77591
0.733398
5.81431
0.733398
5.84923
0.733398
5.88062
0.733398
5.90843
0.733398
5.93261
0.733398
5.95314
0.733398
5.96997
0.733398
5.9831
0.733398
5.99248
0.733398
5.99812
0.733398
5.99812
0.75
3.54848
0.75
3.64536
0.75
3.74203
0.75
3.83833
0.75
3.93412
0.75
4.02926
0.75
4.1236
0.75
4.21701
0.75
4.30933
0.75
4.40044
0.75
4.4902
0.75
4.57847
0.75
4.66511
0.75
4.75
0.75
4.83301
0.75
4.91402
0.75
4.9929
0.75
5.06953
0.75
5.1438
0.75
5.2156
0.75
5.28482
0.75
5.35136
0.75
5.41511
0.75
5.47598
0.75
5.53388
0.75
5.58872
0.75
5.64042
0.75
5.6889
0.75
5.73408
0.75
5.77591
0.75
5.81431
0.75
5.84923
0.75
5.88062
0.75
5.90843
0.75
5.93261
0.75
5.95314
0.75
5.96997
0.75
5.9831
0.75
5.99248
0.75
5.99812
0.75
5.99812
0.766978
3.54848
0.766978
3.64536
0.766978
3.74203
0.766978
3.83833
0.766978
3.93412
0.766978
4.02926
0.766978
4.1236
0.766978
4.21701
0.766978
4.30933
0.766978
4.40044
0.766978
4.4902
0.766978
4.57847
0.766978
4.66511
0.766978
4.75
0.766978
4.83301
0.766978
4.91402
0.766978
4.9929
0.766978
5.06953
0.766978
5.1438
0.766978
5.2156
0.766978
5.28482
0.766978
5.35136
0.766978
5.41511
0.766978
5.47598
0.766978
5.53388
0.766978
5.58872
0.766978
5.64042
0.766978
5.6889
0.766978
5.73408
0.766978
5.77591
0.766978
5.81431
0.766978
5.84923
0.766978
5.88062
0.766978
5.90843
0.766978
5.93261
0.766978
5.95314
0.766978
5.96997
0.766978
5.9831
0.766978
5.99248
0.766978
5.99812
0.766978
5.99812
0.784307
3.54848
0.784307
3.64536
0.784307
3.74203
0.784307
3.83833
0.784307
3.93412
0.784307
4.02926
0.784307
4.1236
0.784307
4.21701
0.784307
4.30933
0.784307
4.40044
0.784307
4.4902
0.784307
4.57847
0.784307
4.66511
0.784307
4.75
0.784307
4.83301
0.784307
4.91402
0.784307
4.9929
0.784307
5.06953
0.784307
5.1438
0.784307
5.2156
0.784307
5.28482
0.784307
5.35136
0.784307
5.41511
0.784307
5.47598
0.784307
5.53388
0.784307
5.58872
0.784307
5.64042
0.784307
5.6889
0.784307
5.73408
0.784307
5.77591
0.784307
5.81431
0.784307
5.84923
0.784307
5.88062
0.784307
5.90843
0.784307
5.93261
0.784307
5.95314
0.784307
5.96997
0.784307
5.9831
0.784307
5.99248
0.784307
5.99812
0.784307
5.99812
0.80196
3.54848
0.80196
3.64536
0.80196
3.74203
0.80196
3.83833
0.80196
3.93412
0.80196
4.02926
0.80196
4.1236
0.80196
4.21701
0.80196
4.30933
0.80196
4.40044
0.80196
4.4902
0.80196
4.57847
0.80196
4.66511
0.80196
4.75
0.80196
4.83301
0.80196
4.91402
0.80196
4.9929
0.80196
5.06953
0.80196
5.1438
0.80196
5.2156
0.80196
5.28482
0.80196
5.35136
0.80196
5.41511
0.80196
5.47598
0.80196
5.53388
0.80196
5.58872
0.80196
5.64042
0.80196
5.6889
0.80196
5.73408
0.80196
5.77591
0.80196
5.81431
0.80196
5.84923
0.80196
5.88062
0.80196
5.90843
0.80196
5.93261
0.80196
5.95314
0.80196
5.96997
0.80196
5.9831
0.80196
5.99248
0.80196
5.99812
0.80196
5.99812
0.819911
3.54848
0.819911
3.64536
0.819911
3.74203
0.819911
3.83833
0.819911
3.93412
0.819911
4.02926
0.819911
4.1236
0.819911
4.21701
0.819911
4.30933
0.819911
4.40044
0.819911
4.4902
0.819911
4.57847
0.819911
4.66511
0.819911
4.75
0.819911
4.83301
0.819911
4.91402
0.819911
4.9929
0.819911
5.06953
0.819911
5.1438
0.819911
5.2156
0.819911
5.28482
0.819911
5.35136
0.819911
5.41511
0.819911
5.47598
0.819911
5.53388
0.819911
5.58872
0.819911
5.64042
0.819911
5.6889
0.819911
5.73408
0.819911
5.77591
0.819911
5.81431
0.819911
5.84923
0.819911
5.88062
0.819911
5.90843
0.819911
5.93261
0.819911
5.95314
0.819911
5.96997
0.819911
5.9831
0.819911
5.99248
0.819911
5.99812
0.819911
5.99812
0.838133
3.54848
0.838133
3.64536
0.838133
3.74203
0.838133
3.83833
0.838133
3.93412
0.838133
4.02926
0.838133
4.1236
0.838133
4.21701
0.838133
4.30933
0.838133
4.40044
0.838133
4.4902
0.838133
4.57847
0.838133
4.66511
0.838133
4.75
0.838133
4.83301
0.838133
4.91402
0.838133
4.9929
0.838133
5.06953
0.838133
5.1438
0.838133
5.2156
0.838133
5.28482
0.838133
5.35136
0.838133
5.41511
0.838133
5.47598
0.838133
5.53388
0.838133
5.58872
0.838133
5.64042
0.838133
5.6889
0.838133
5.73408
0.838133
5.77591
0.838133
5.81431
0.838133
5.84923
0.838133
5.88062
0.838133
5.90843
0.838133
5.93261
0.838133
5.95314
0.838133
5.96997
0.838133
5.9831
0.838133
5.99248
0.838133
5.99812
0.838133
5.99812
0.856598
3.54848
0.856598
3.64536
0.856598
3.74203
0.856598
3.83833
0.856598
3.93412
0.856598
4.02926
0.856598
4.1236
0.856598
4.21701
0.856598
4.30933
0.856598
4.40044
0.856598
4.4902
0.856598
4.57847
0.856598
4.66511
0.856598
4.75
0.856598
4.83301
0.856598
4.91402
0.856598
4.9929
0.856598
5.06953
0.856598
5.1438
0.856598
5.2156
0.856598
5.28482
0.856598
5.35136
0.856598
5.41511
0.856598
5.47598
0.856598
5.53388
0.856598
5.58872
0.856598
5.64042
0.856598
5.6889
0.856598
5.73408
0.856598
5.77591
0.856598
5.81431
0.856598
5.84923
0.856598
5.88062
0.856598
5.90843
0.856598
5.93261
0.856598
5.95314
0.856598
5.96997
0.856598
5.9831
0.856598
5.99248
0.856598
5.99812
0.856598
5.99812
0.875279
3.54848
0.875279
3.64536
0.875279
3.74203
0.875279
3.83833
0.875279
3.93412
0.875279
4.02926
0.875279
4.1236
0.875279
4.21701
0.875279
4.30933
0.875279
4.40044
0.875279
4.4902
0.875279
4.57847
0.875279
4.66511
0.875279
4.75
0.875279
4.83301
0.875279
4.91402
0.875279
4.9929
0.875279
5.06953
0.875279
5.1438
0.875279
5.2156
0.875279
5.28482
0.875279
5.35136
0.875279
5.41511
0.875279
5.47598
0.875279
5.53388
0.875279
5.58872
0.875279
5.64042
0.875279
5.6889
0.875279
5.73408
0.875279
5.77591
0.875279
5.81431
0.875279
5.84923
0.875279
5.88062
0.875279
5.90843
0.875279
5.93261
0.875279
5.95314
0.875279
5.96997
0.875279
5.9831
0.875279
5.99248
0.875279
5.99812
0.875279
5.99812
0.894148
3.54848
0.894148
3.64536
0.894148
3.74203
0.894148
3.83833
0.894148
3.93412
0.894148
4.02926
0.894148
4.1236
0.894148
4.21701
0.894148
4.30933
0.894148
4.40044
0.894148
4.4902
0.894148
4.57847
0.894148
4.66511
0.894148
4.75
0.894148
4.83301
0.894148
4.91402
0.894148
4.9929
0.894148
5.06953
0.894148
5.1438
0.894148
5.2156
0.894148
5.28482
0.894148
5.35136
0.894148
5.41511
0.894148
5.47598
0.894148
5.53388
0.894148
5.58872
0.894148
5.64042
0.894148
5.6889
0.894148
5.73408
0.894148
5.77591
0.894148
5.81431
0.894148
5.84923
0.894148
5.88062
0.894148
5.90843
0.894148
5.93261
0.894148
5.95314
0.894148
5.96997
0.894148
5.9831
0.894148
5.99248
0.894148
5.99812
0.894148
5.99812
0.913176
3.54848
0.913176
3.64536
0.913176
3.74203
0.913176
3.83833
0.913176
3.93412
0.913176
4.02926
0.913176
4.1236
0.913176
4.21701
0.913176
4.30933
0.913176
4.40044
0.913176
4.4902
0.913176
4.57847
0.913176
4.66511
0.913176
4.75
0.913176
4.83301
0.913176
4.91402
0.913176
4.9929
0.913176
5.06953
0.913176
5.1438
0.913176
5.2156
0.913176
5.28482
0.913176
5.35136
0.913176
5.41511
0.913176
5.47598
0.913176
5.53388
0.913176
5.58872
0.913176
5.64042
0.913176
5.6889
0.913176
5.73408
0.913176
5.77591
0.913176
5.81431
0.913176
5.84923
0.913176
5.88062
0.913176
5.90843
0.913176
5.93261
0.913176
5.95314
0.913176
5.96997
0.913176
5.9831
0.913176
5.99248
0.913176
5.99812
0.913176
5.99812
0.932334
3.54848
0.932334
3.64536
0.932334
3.74203
0.932334
3.83833
0.932334
3.93412
0.932334
4.02926
0.932334
4.1236
0.932334
4.21701
0.932334
4.30933
0.932334
4.40044
0.932334
4.4902
0.932334
4.57847
0.932334
4.66511
0.932334
4.75
0.932334
4.83301
0.932334
4.91402
0.932334
4.9929
0.932334
5.06953
0.932334
5.1438
0.932334
5.2156
0.932334
5.28482
0.932334
5.35136
0.932334
5.41511
0.932334
5.47598
0.932334
5.53388
0.932334
5.58872
0.932334
5.64042
0.932334
5.6889
0.932334
5.73408
0.932334
5.77591
0.932334
5.81431
0.932334
5.84923
0.932334
5.88062
0.932334
5.90843
0.932334
5.93261
0.932334
5.95314
0.932334
5.96997
0.932334
5.9831
0.932334
5.99248
0.932334
5.99812
0.932334
5.99812
0.951595
3.54848
0.951595
3.64536
0.951595
3.74203
0.951595
3.83833
0.951595
3.93412
0.951595
4.02926
0.951595
4.1236
0.951595
4.21701
0.951595
4.30933
0.951595
4.40044
0.951595
4.4902
0.951595
4.57847
0.951595
4.66511
0.951595
4.75
0.951595
4.83301
0.951595
4.91402
0.951595
4.9929
0.951595
5.06953
0.951595
5.1438
0.951595
5.2156
0.951595
5.28482
0.951595
5.35136
0.951595
5.41511
0.951595
5.47598
0.951595
5.53388
0.951595
5.58872
0.951595
5.64042
0.951595
5.6889
0.951595
5.73408
0.951595
5.77591
0.951595
5.81431
0.951595
5.84923
0.951595
5.88062
0.951595
5.90843
0.951595
5.93261
0.951595
5.95314
0.951595
5.96997
0.951595
5.9831
0.951595
5.99248
0.951595
5.99812
0.951595
5.99812
0.970928
3.54848
0.970928
3.64536
0.970928
3.74203
0.970928
3.83833
0.970928
3.93412
0.970928
4.02926
0.970928
4.1236
0.970928
4.21701
0.970928
4.30933
0.970928
4.40044
0.970928
4.4902
0.970928
4.57847
0.970928
4.66511
0.970928
4.75
0.970928
4.83301
0.970928
4.91402
0.970928
4.9929
0.970928
5.06953
0.970928
5.1438
0.970928
5.2156
0.970928
5.28482
0.970928
5.35136
0.970928
5.41511
0.970928
5.47598
0.970928
5.53388
0.970928
5.58872
0.970928
5.64042
0.970928
5.6889
0.970928
5.73408
0.970928
5.77591
0.970928
5.81431
0.970928
5.84923
0.970928
5.88062
0.970928
5.90843
0.970928
5.93261
0.970928
5.95314
0.970928
5.96997
0.970928
5.9831
0.970928
5.99248
0.970928
5.99812
0.970928
5.99812
0.990304
3.54848
0.990304
3.64536
0.990304
3.74203
0.990304
3.83833
0.990304
3.93412
0.990304
4.02926
0.990304
4.1236
0.990304
4.21701
0.990304
4.30933
0.990304
4.40044
0.990304
4.4902
0.990304
4.57847
0.990304
4.66511
0.990304
4.75
0.990304
4.83301
0.990304
4.91402
0.990304
4.9929
0.990304
5.06953
0.990304
5.1438
0.990304
5.2156
0.990304
5.28482
0.990304
5.35136
0.990304
5.41511
0.990304
5.47598
0.990304
5.53388
0.990304
5.58872
0.990304
5.64042
0.990304
5.6889
0.990304
5.73408
0.990304
5.77591
0.990304
5.81431
0.990304
5.84923
0.990304
5.88062
0.990304
5.90843
0.990304
5.93261
0.990304
5.95314
0.990304
5.96997
0.990304
5.9831
0.990304
5.99248
0.990304
5.99812
0.990304
5.99812
