1.0097
1.00188
1.0097
1.00188
1.0097
1.00752
1.0097
1.0169
1.0097
1.03003
1.0097
1.04686
1.0097
1.06739
1.0097
1.09157
1.0097
1.11938
1.0097
1.15077
1.0097
1.18569
1.0097
1.22409
1.0097
1.26592
1.0097
1.3111
1.0097
1.35958
1.0097
1.41128
1.0097
1.46612
1.0097
1.52402
1.0097
1.58489
1.0097
1.64864
1.0097
1.71518
1.0097
1.7844
1.0097
1.8562
1.0097
1.93047
1.0097
2.0071
1.0097
2.08598
1.0097
2.16699
1.0097
2.25
1.0097
2.33489
1.0097
2.42153
1.0097
2.5098
1.0097
2.59956
1.0097
2.69067
1.0097
2.78299
1.0097
2.8764
1.0097
2.97074
1.0097
3.06588
1.0097
3.16167
1.0097
3.25797
1.0097
3.35464
1.0097
3.45152
1.02907
1.00188
1.02907
1.00188
1.02907
1.00752
1.02907
1.0169
1.02907
1.03003
1.02907
1.04686
1.02907
1.06739
1.02907
1.09157
1.02907
1.11938
1.02907
1.15077
1.02907
1.18569
1.02907
1.22409
1.02907
1.26592
1.02907
1.3111
1.02907
1.35958
1.02907
1.41128
1.02907
1.46612
1.02907
1.52402
1.02907
1.58489
1.02907
1.64864
1.02907
1.71518
1.02907
1.7844
1.02907
1.8562
1.02907
1.93047
1.02907
2.0071
1.02907
2.08598
1.02907
2.16699
1.02907
2.25
1.02907
2.33489
1.02907
2.42153
1.02907
2.5098
1.02907
2.59956
1.02907
2.69067
1.02907
2.78299
1.02907
2.8764
1.02907
2.97074
1.02907
3.06588
1.02907
3.16167
1.02907
3.25797
1.02907
3.35464
1.02907
3.45152
1.04841
1.00188
1.04841
1.00188
1.04841
1.00752
1.04841
1.0169
1.04841
1.03003
1.04841
1.04686
1.04841
1.06739
1.04841
1.09157
1.04841
1.11938
1.04841
1.15077
1.04841
1.18569
1.04841
1.22409
1.04841
1.26592
1.04841
1.3111
1.04841
1.35958
1.04841
1.41128
1.04841
1.46612
1.04841
1.52402
1.04841
1.58489
1.04841
1.64864
1.04841
1.71518
1.04841
1.7844
1.04841
1.8562
1.04841
1.93047
1.04841
2.0071
1.04841
2.08598
1.04841
2.16699
1.04841
2.25
1.04841
2.33489
1.04841
2.42153
1.04841
2.5098
1.04841
2.59956
1.04841
2.69067
1.04841
2.78299
1.04841
2.8764
1.04841
2.97074
1.04841
3.06588
1.04841
3.16167
1.04841
3.25797
1.04841
3.35464
1.04841
3.45152
1.06767
1.00188
1.06767
1.00188
1.06767
1.00752
1.06767
1.0169
1.06767
1.03003
1.06767
1.04686
1.06767
1.06739
1.06767
1.09157
1.06767
1.11938
1.06767
1.15077
1.06767
1.18569
1.06767
1.22409
1.06767
1.26592
1.06767
1.3111
1.06767
1.35958
1.06767
1.41128
1.06767
1.46612
1.06767
1.52402
1.06767
1.58489
1.06767
1.64864
1.06767
1.71518
1.06767
1.7844
1.06767
1.8562
1.06767
1.93047
1.06767
2.0071
1.06767
2.08598
1.06767
2.16699
1.06767
2.25
1.06767
2.33489
1.06767
2.42153
1.06767
2.5098
1.06767
2.59956
1.06767
2.69067
1.06767
2.78299
1.06767
2.8764
1.06767
2.97074
1.06767
3.06588
1.06767
3.16167
1.06767
3.25797
1.06767
3.35464
1.06767
3.45152
1.08682
1.00188
1.08682
1.00188
1.08682
1.00752
1.08682
1.0169
1.08682
1.03003
1.08682
1.04686
1.08682
1.06739
1.08682
1.09157
1.08682
1.11938
1.08682
1.15077
1.08682
1.18569
1.08682
1.22409
1.08682
1.26592
1.08682
1.3111
1.08682
1.35958
1.08682
1.41128
1.08682
1.46612
1.08682
1.52402
1.08682
1.58489
1.08682
1.64864
1.08682
1.71518
1.08682
1.7844
1.08682
1.8562
1.08682
1.93047
1.08682
2.0071
1.08682
2.08598
1.08682
2.16699
1.08682
2.25
1.08682
2.33489
1.08682
2.42153
1.08682
2.5098
1.08682
2.59956
1.08682
2.69067
1.08682
2.78299
1.08682
2.8764
1.08682
2.97074
1.08682
3.06588
1.08682
3.16167
1.08682
3.25797
1.08682
3.35464
1.08682
3.45152
1.10585
1.00188
1.10585
1.00188
1.10585
1.00752
1.10585
1.0169
1.10585
1.03003
1.10585
1.04686
1.10585
1.06739
1.10585
1.09157
1.10585
1.11938
1.10585
1.15077
1.10585
1.18569
1.10585
1.22409
1.10585
1.26592
1.10585
1.3111
1.10585
1.35958
1.10585
1.41128
1.10585
1.46612
1.10585
1.52402
1.10585
1.58489
1.10585
1.64864
1.10585
1.71518
1.10585
1.7844
1.10585
1.8562
1.10585
1.93047
1.10585
2.0071
1.10585
2.08598
1.10585
2.16699
1.10585
2.25
1.10585
2.33489
1.10585
2.42153
1.10585
2.5098
1.10585
2.59956
1.10585
2.69067
1.10585
2.78299
1.10585
2.8764
1.10585
2.97074
1.10585
3.06588
1.10585
3.16167
1.10585
3.25797
1.10585
3.35464
1.10585
3.45152
1.12472
1.00188
1.12472
1.00188
1.12472
1.00752
1.12472
1.0169
1.12472
1.03003
1.12472
1.04686
1.12472
1.06739
1.12472
1.09157
1.12472
1.11938
1.12472
1.15077
1.12472
1.18569
1.12472
1.22409
1.12472
1.26592
1.12472
1.3111
1.12472
1.35958
1.12472
1.41128
1.12472
1.46612
1.12472
1.52402
1.12472
1.58489
1.12472
1.64864
1.12472
1.71518
1.12472
1.7844
1.12472
1.8562
1.12472
1.93047
1.12472
2.0071
1.12472
2.08598
1.12472
2.16699
1.12472
2.25
1.12472
2.33489
1.12472
2.42153
1.12472
2.5098
1.12472
2.59956
1.12472
2.69067
1.12472
2.78299
1.12472
2.8764
1.12472
2.97074
1.12472
3.06588
1.12472
3.16167
1.12472
3.25797
1.12472
3.35464
1.12472
3.45152
1.1434
1.00188
1.1434
1.00188
1.1434
1.00752
1.1434
1.0169
1.1434
1.03003
1.1434
1.04686
1.1434
1.06739
1.1434
1.09157
1.1434
1.11938
1.1434
1.15077
1.1434
1.18569
1.1434
1.22409
1.1434
1.26592
1.1434
1.3111
1.1434
1.35958
1.1434
1.41128
1.1434
1.46612
1.1434
1.52402
1.1434
1.58489
1.1434
1.64864
1.1434
1.71518
1.1434
1.7844
1.1434
1.8562
1.1434
1.93047
1.1434
2.0071
1.1434
2.08598
1.1434
2.16699
1.1434
2.25
1.1434
2.33489
1.1434
2.42153
1.1434
2.5098
1.1434
2.59956
1.1434
2.69067
1.1434
2.78299
1.1434
2.8764
1.1434
2.97074
1.1434
3.06588
1.1434
3.16167
1.1434
3.25797
1.1434
3.35464
1.1434
3.45152
1.16187
1.00188
1.16187
1.00188
1.16187
1.00752
1.16187
1.0169
1.16187
1.03003
1.16187
1.04686
1.16187
1.06739
1.16187
1.09157
1.16187
1.11938
1.16187
1.15077
1.16187
1.18569
1.16187
1.22409
1.16187
1.26592
1.16187
1.3111
1.16187
1.35958
1.16187
1.41128
1.16187
1.46612
1.16187
1.52402
1.16187
1.58489
1.16187
1.64864
1.16187
1.71518
1.16187
1.7844
1.16187
1.8562
1.16187
1.93047
1.16187
2.0071
1.16187
2.08598
1.16187
2.16699
1.16187
2.25
1.16187
2.33489
1.16187
2.42153
1.16187
2.5098
1.16187
2.59956
1.16187
2.69067
1.16187
2.78299
1.16187
2.8764
1.16187
2.97074
1.16187
3.06588
1.16187
3.16167
1.16187
3.25797
1.16187
3.35464
1.16187
3.45152
1.18009
1.00188
1.18009
1.00188
1.18009
1.00752
1.18009
1.0169
1.18009
1.03003
1.18009
1.04686
1.18009
1.06739
1.18009
1.09157
1.18009
1.11938
1.18009
1.15077
1.18009
1.18569
1.18009
1.22409
1.18009
1.26592
1.18009
1.3111
1.18009
1.35958
1.18009
1.41128
1.18009
1.46612
1.18009
1.52402
1.18009
1.58489
1.18009
1.64864
1.18009
1.71518
1.18009
1.7844
1.18009
1.8562
1.18009
1.93047
1.18009
2.0071
1.18009
2.08598
1.18009
2.16699
1.18009
2.25
1.18009
2.33489
1.18009
2.42153
1.18009
2.5098
1.18009
2.59956
1.18009
2.69067
1.18009
2.78299
1.18009
2.8764
1.18009
2.97074
1.18009
3.06588
1.18009
3.16167
1.18009
3.25797
1.18009
3.35464
1.18009
3.45152
1.19804
1.00188
1.19804
1.00188
1.19804
1.00752
1.19804
1.0169
1.19804
1.03003
1.19804
1.04686
1.19804
1.06739
1.19804
1.09157
1.19804
1.11938
1.19804
1.15077
1.19804
1.18569
1.19804
1.22409
1.19804
1.26592
1.19804
1.3111
1.19804
1.35958
1.19804
1.41128
1.19804
1.46612
1.19804
1.52402
1.19804
1.58489
1.19804
1.64864
1.19804
1.71518
1.19804
1.7844
1.19804
1.8562
1.19804
1.93047
1.19804
2.0071
1.19804
2.08598
1.19804
2.16699
1.19804
2.25
1.19804
2.33489
1.19804
2.42153
1.19804
2.5098
1.19804
2.59956
1.19804
2.69067
1.19804
2.78299
1.19804
2.8764
1.19804
2.97074
1.19804
3.06588
1.19804
3.16167
1.19804
3.25797
1.19804
3.35464
1.19804
3.45152
1.21569
1.00188
1.21569
1.00188
1.21569
1.00752
1.21569
1.0169
1.21569
1.03003
1.21569
1.04686
1.21569
1.06739
1.21569
1.09157
1.21569
1.11938
1.21569
1.15077
1.21569
1.18569
1.21569
1.22409
1.21569
1.26592
1.21569
1.3111
1.21569
1.35958
1.21569
1.41128
1.21569
1.46612
1.21569
1.52402
1.21569
1.58489
1.21569
1.64864
1.21569
1.71518
1.21569
1.7844
1.21569
1.8562
1.21569
1.93047
1.21569
2.0071
1.21569
2.08598
1.21569
2.16699
1.21569
2.25
1.21569
2.33489
1.21569
2.42153
1.21569
2.5098
1.21569
2.59956
1.21569
2.69067
1.21569
2.78299
1.21569
2.8764
1.21569
2.97074
1.21569
3.06588
1.21569
3.16167
1.21569
3.25797
1.21569
3.35464
1.21569
3.45152
1.23302
1.00188
1.23302
1.00188
1.23302
1.00752
1.23302
1.0169
1.23302
1.03003
1.23302
1.04686
1.23302
1.06739
1.23302
1.09157
1.23302
1.11938
1.23302
1.15077
1.23302
1.18569
1.23302
1.22409
1.23302
1.26592
1.23302
1.3111
1.23302
1.35958
1.23302
1.41128
1.23302
1.46612
1.23302
1.52402
1.23302
1.58489
1.23302
1.64864
1.23302
1.71518
1.23302
1.7844
1.23302
1.8562
1.23302
1.93047
1.23302
2.0071
1.23302
2.08598
1.23302
2.16699
1.23302
2.25
1.23302
2.33489
1.23302
2.42153
1.23302
2.5098
1.23302
2.59956
1.23302
2.69067
1.23302
2.78299
1.23302
2.8764
1.23302
2.97074
1.23302
3.06588
1.23302
3.16167
1.23302
3.25797
1.23302
3.35464
1.23302
3.45152
1.25
1.00188
1.25
1.00188
1.25
1.00752
1.25
1.0169
1.25
1.03003
1.25
1.04686
1.25
1.06739
1.25
1.09157
1.25
1.11938
1.25
1.15077
1.25
1.18569
1.25
1.22409
1.25
1.26592
1.25
1.3111
1.25
1.35958
1.25
1.41128
1.25
1.46612
1.25
1.52402
1.25
1.58489
1.25
1.64864
1.25
1.71518
1.25
1.7844
1.25
1.8562
1.25
1.93047
1.25
2.0071
1.25
2.08598
1.25
2.16699
1.25
2.25
1.25
2.33489
1.25
2.42153
1.25
2.5098
1.25
2.59956
1.25
2.69067
1.25
2.78299
1.25
2.8764
1.25
2.97074
1.25
3.06588
1.25
3.16167
1.25
3.25797
1.25
3.35464
1.25
3.45152
1.2666
1.00188
1.2666
1.00188
1.2666
1.00752
1.2666
1.0169
1.2666
1.03003
1.2666
1.04686
1.2666
1.06739
1.2666
1.09157
1.2666
1.11938
1.2666
1.15077
1.2666
1.18569
1.2666
1.22409
1.2666
1.26592
1.2666
1.3111
1.2666
1.35958
1.2666
1.41128
1.2666
1.46612
1.2666
1.52402
1.2666
1.58489
1.2666
1.64864
1.2666
1.71518
1.2666
1.7844
1.2666
1.8562
1.2666
1.93047
1.2666
2.0071
1.2666
2.08598
1.2666
2.16699
1.2666
2.25
1.2666
2.33489
1.2666
2.42153
1.2666
2.5098
1.2666
2.59956
1.2666
2.69067
1.2666
2.78299
1.2666
2.8764
1.2666
2.97074
1.2666
3.06588
1.2666
3.16167
1.2666
3.25797
1.2666
3.35464
1.2666
3.45152
1.2828
1.00188
1.2828
1.00188
1.2828
1.00752
1.2828
1.0169
1.2828
1.03003
1.2828
1.04686
1.2828
1.06739
1.2828
1.09157
1.2828
1.11938
1.2828
1.15077
1.2828
1.18569
1.2828
1.22409
1.2828
1.26592
1.2828
1.3111
1.2828
1.35958
1.2828
1.41128
1.2828
1.46612
1.2828
1.52402
1.2828
1.58489
1.2828
1.64864
1.2828
1.71518
1.2828
1.7844
1.2828
1.8562
1.2828
1.93047
1.2828
2.0071
1.2828
2.08598
1.2828
2.16699
1.2828
2.25
1.2828
2.33489
1.2828
2.42153
1.2828
2.5098
1.2828
2.59956
1.2828
2.69067
1.2828
2.78299
1.2828
2.8764
1.2828
2.97074
1.2828
3.06588
1.2828
3.16167
1.2828
3.25797
1.2828
3.35464
1.2828
3.45152
1.29858
1.00188
1.29858
1.00188
1.29858
1.00752
1.29858
1.0169
1.29858
1.03003
1.29858
1.04686
1.29858
1.06739
1.29858
1.09157
1.29858
1.11938
1.29858
1.15077
1.29858
1.18569
1.29858
1.22409
1.29858
1.26592
1.29858
1.3111
1.29858
1.35958
1.29858
1.41128
1.29858
1.46612
1.29858
1.52402
1.29858
1.58489
1.29858
1.64864
1.29858
1.71518
1.29858
1.7844
1.29858
1.8562
1.29858
1.93047
1.29858
2.0071
1.29858
2.08598
1.29858
2.16699
1.29858
2.25
1.29858
2.33489
1.29858
2.42153
1.29858
2.5098
1.29858
2.59956
1.29858
2.69067
1.29858
2.78299
1.29858
2.8764
1.29858
2.97074
1.29858
3.06588
1.29858
3.16167
1.29858
3.25797
1.29858
3.35464
1.29858
3.45152
1.31391
1.00188
1.31391
1.00188
1.31391
1.00752
1.31391
1.0169
1.31391
1.03003
1.31391
1.04686
1.31391
1.06739
1.31391
1.09157
1.31391
1.11938
1.31391
1.15077
1.31391
1.18569
1.31391
1.22409
1.31391
1.26592
1.31391
1.3111
1.31391
1.35958
1.31391
1.41128
1.31391
1.46612
1.31391
1.52402
1.31391
1.58489
1.31391
1.64864
1.31391
1.71518
1.31391
1.7844
1.31391
1.8562
1.31391
1.93047
1.31391
2.0071
1.31391
2.08598
1.31391
2.16699
1.31391
2.25
1.31391
2.33489
1.31391
2.42153
1.31391
2.5098
1.31391
2.59956
1.31391
2.69067
1.31391
2.78299
1.31391
2.8764
1.31391
2.97074
1.31391
3.06588
1.31391
3.16167
1.31391
3.25797
1.31391
3.35464
1.31391
3.45152
1.32876
1.00188
1.32876
1.00188
1.32876
1.00752
1.32876
1.0169
1.32876
1.03003
1.32876
1.04686
1.32876
1.06739
1.32876
1.09157
1.32876
1.11938
1.32876
1.15077
1.32876
1.18569
1.32876
1.22409
1.32876
1.26592
1.32876
1.3111
1.32876
1.35958
1.32876
1.41128
1.32876
1.46612
1.32876
1.52402
1.32876
1.58489
1.32876
1.64864
1.32876
1.71518
1.32876
1.7844
1.32876
1.8562
1.32876
1.93047
1.32876
2.0071
1.32876
2.08598
1.32876
2.16699
1.32876
2.25
1.32876
2.33489
1.32876
2.42153
1.32876
2.5098
1.32876
2.59956
1.32876
2.69067
1.32876
2.78299
1.32876
2.8764
1.32876
2.97074
1.32876
3.06588
1.32876
3.16167
1.32876
3.25797
1.32876
3.35464
1.32876
3.45152
1.34312
1.00188
1.34312
1.00188
1.34312
1.00752
1.34312
1.0169
1.34312
1.03003
1.34312
1.04686
1.34312
1.06739
1.34312
1.09157
1.34312
1.11938
1.34312
1.15077
1.34312
1.18569
1.34312
1.22409
1.34312
1.26592
1.34312
1.3111
1.34312
1.35958
1.34312
1.41128
1.34312
1.46612
1.34312
1.52402
1.34312
1.58489
1.34312
1.64864
1.34312
1.71518
1.34312
1.7844
1.34312
1.8562
1.34312
1.93047
1.34312
2.0071
1.34312
2.08598
1.34312
2.16699
1.34312
2.25
1.34312
2.33489
1.34312
2.42153
1.34312
2.5098
1.34312
2.59956
1.34312
2.69067
1.34312
2.78299
1.34312
2.8764
1.34312
2.97074
1.34312
3.06588
1.34312
3.16167
1.34312
3.25797
1.34312
3.35464
1.34312
3.45152
1.35696
1.00188
1.35696
1.00188
1.35696
1.00752
1.35696
1.0169
1.35696
1.03003
1.35696
1.04686
1.35696
1.06739
1.35696
1.09157
1.35696
1.11938
1.35696
1.15077
1.35696
1.18569
1.35696
1.22409
1.35696
1.26592
1.35696
1.3111
1.35696
1.35958
1.35696
1.41128
1.35696
1.46612
1.35696
1.52402
1.35696
1.58489
1.35696
1.64864
1.35696
1.71518
1.35696
1.7844
1.35696
1.8562
1.35696
1.93047
1.35696
2.0071
1.35696
2.08598
1.35696
2.16699
1.35696
2.25
1.35696
2.33489
1.35696
2.42153
1.35696
2.5098
1.35696
2.59956
1.35696
2.69067
1.35696
2.78299
1.35696
2.8764
1.35696
2.97074
1.35696
3.06588
1.35696
3.16167
1.35696
3.25797
1.35696
3.35464
1.35696
3.45152
1.37027
1.00188
1.37027
1.00188
1.37027
1.00752
1.37027
1.0169
1.37027
1.03003
1.37027
1.04686
1.37027
1.06739
1.37027
1.09157
1.37027
1.11938
1.37027
1.15077
1.37027
1.18569
1.37027
1.22409
1.37027
1.26592
1.37027
1.3111
1.37027
1.35958
1.37027
1.41128
1.37027
1.46612
1.37027
1.52402
1.37027
1.58489
1.37027
1.64864
1.37027
1.71518
1.37027
1.7844
1.37027
1.8562
1.37027
1.93047
1.37027
2.0071
1.37027
2.08598
1.37027
2.16699
1.37027
2.25
1.37027
2.33489
1.37027
2.42153
1.37027
2.5098
1.37027
2.59956
1.37027
2.69067
1.37027
2.78299
1.37027
2.8764
1.37027
2.97074
1.37027
3.06588
1.37027
3.16167
1.37027
3.25797
1.37027
3.35464
1.37027
3.45152
1.38302
1.00188
1.38302
1.00188
1.38302
1.00752
1.38302
1.0169
1.38302
1.03003
1.38302
1.04686
1.38302
1.06739
1.38302
1.09157
1.38302
1.11938
1.38302
1.15077
1.38302
1.18569
1.38302
1.22409
1.38302
1.26592
1.38302
1.3111
1.38302
1.35958
1.38302
1.41128
1.38302
1.46612
1.38302
1.52402
1.38302
1.58489
1.38302
1.64864
1.38302
1.71518
1.38302
1.7844
1.38302
1.8562
1.38302
1.93047
1.38302
2.0071
1.38302
2.08598
1.38302
2.16699
1.38302
2.25
1.38302
2.33489
1.38302
2.42153
1.38302
2.5098
1.38302
2.59956
1.38302
2.69067
1.38302
2.78299
1.38302
2.8764
1.38302
2.97074
1.38302
3.06588
1.38302
3.16167
1.38302
3.25797
1.38302
3.35464
1.38302
3.45152
1.3952
1.00188
1.3952
1.00188
1.3952
1.00752
1.3952
1.0169
1.3952
1.03003
1.3952
1.04686
1.3952
1.06739
1.3952
1.09157
1.3952
1.11938
1.3952
1.15077
1.3952
1.18569
1.3952
1.22409
1.3952
1.26592
1.3952
1.3111
1.3952
1.35958
1.3952
1.41128
1.3952
1.46612
1.3952
1.52402
1.3952
1.58489
1.3952
1.64864
1.3952
1.71518
1.3952
1.7844
1.3952
1.8562
1.3952
1.93047
1.3952
2.0071
1.3952
2.08598
1.3952
2.16699
1.3952
2.25
1.3952
2.33489
1.3952
2.42153
1.3952
2.5098
1.3952
2.59956
1.3952
2.69067
1.3952
2.78299
1.3952
2.8764
1.3952
2.97074
1.3952
3.06588
1.3952
3.16167
1.3952
3.25797
1.3952
3.35464
1.3952
3.45152
1.40678
1.00188
1.40678
1.00188
1.40678
1.00752
1.40678
1.0169
1.40678
1.03003
1.40678
1.04686
1.40678
1.06739
1.40678
1.09157
1.40678
1.11938
1.40678
1.15077
1.40678
1.18569
1.40678
1.22409
1.40678
1.26592
1.40678
1.3111
1.40678
1.35958
1.40678
1.41128
1.40678
1.46612
1.40678
1.52402
1.40678
1.58489
1.40678
1.64864
1.40678
1.71518
1.40678
1.7844
1.40678
1.8562
1.40678
1.93047
1.40678
2.0071
1.40678
2.08598
1.40678
2.16699
1.40678
2.25
1.40678
2.33489
1.40678
2.42153
1.40678
2.5098
1.40678
2.59956
1.40678
2.69067
1.40678
2.78299
1.40678
2.8764
1.40678
2.97074
1.40678
3.06588
1.40678
3.16167
1.40678
3.25797
1.40678
3.35464
1.40678
3.45152
1.41774
1.00188
1.41774
1.00188
1.41774
1.00752
1.41774
1.0169
1.41774
1.03003
1.41774
1.04686
1.41774
1.06739
1.41774
1.09157
1.41774
1.11938
1.41774
1.15077
1.41774
1.18569
1.41774
1.22409
1.41774
1.26592
1.41774
1.3111
1.41774
1.35958
1.41774
1.41128
1.41774
1.46612
1.41774
1.52402
1.41774
1.58489
1.41774
1.64864
1.41774
1.71518
1.41774
1.7844
1.41774
1.8562
1.41774
1.93047
1.41774
2.0071
1.41774
2.08598
1.41774
2.16699
1.41774
2.25
1.41774
2.33489
1.41774
2.42153
1.41774
2.5098
1.41774
2.59956
1.41774
2.69067
1.41774
2.78299
1.41774
2.8764
1.41774
2.97074
1.41774
3.06588
1.41774
3.16167
1.41774
3.25797
1.41774
3.35464
1.41774
3.45152
1.42808
1.00188
1.42808
1.00188
1.42808
1.00752
1.42808
1.0169
1.42808
1.03003
1.42808
1.04686
1.42808
1.06739
1.42808
1.09157
1.42808
1.11938
1.42808
1.15077
1.42808
1.18569
1.42808
1.22409
1.42808
1.26592
1.42808
1.3111
1.42808
1.35958
1.42808
1.41128
1.42808
1.46612
1.42808
1.52402
1.42808
1.58489
1.42808
1.64864
1.42808
1.71518
1.42808
1.7844
1.42808
1.8562
1.42808
1.93047
1.42808
2.0071
1.42808
2.08598
1.42808
2.16699
1.42808
2.25
1.42808
2.33489
1.42808
2.42153
1.42808
2.5098
1.42808
2.59956
1.42808
2.69067
1.42808
2.78299
1.42808
2.8764
1.42808
2.97074
1.42808
3.06588
1.42808
3.16167
1.42808
3.25797
1.42808
3.35464
1.42808
3.45152
1.43778
1.00188
1.43778
1.00188
1.43778
1.00752
1.43778
1.0169
1.43778
1.03003
1.43778
1.04686
1.43778
1.06739
1.43778
1.09157
1.43778
1.11938
1.43778
1.15077
1.43778
1.18569
1.43778
1.22409
1.43778
1.26592
1.43778
1.3111
1.43778
1.35958
1.43778
1.41128
1.43778
1.46612
1.43778
1.52402
1.43778
1.58489
1.43778
1.64864
1.43778
1.71518
1.43778
1.7844
1.43778
1.8562
1.43778
1.93047
1.43778
2.0071
1.43778
2.08598
1.43778
2.16699
1.43778
2.25
1.43778
2.33489
1.43778
2.42153
1.43778
2.5098
1.43778
2.59956
1.43778
2.69067
1.43778
2.78299
1.43778
2.8764
1.43778
2.97074
1.43778
3.06588
1.43778
3.16167
1.43778
3.25797
1.43778
3.35464
1.43778
3.45152
1.44682
1.00188
1.44682
1.00188
1.44682
1.00752
1.44682
1.0169
1.44682
1.03003
1.44682
1.04686
1.44682
1.06739
1.44682
1.09157
1.44682
1.11938
1.44682
1.15077
1.44682
1.18569
1.44682
1.22409
1.44682
1.26592
1.44682
1.3111
1.44682
1.35958
1.44682
1.41128
1.44682
1.46612
1.44682
1.52402
1.44682
1.58489
1.44682
1.64864
1.44682
1.71518
1.44682
1.7844
1.44682
1.8562
1.44682
1.93047
1.44682
2.0071
1.44682
2.08598
1.44682
2.16699
1.44682
2.25
1.44682
2.33489
1.44682
2.42153
1.44682
2.5098
1.44682
2.59956
1.44682
2.69067
1.44682
2.78299
1.44682
2.8764
1.44682
2.97074
1.44682
3.06588
1.44682
3.16167
1.44682
3.25797
1.44682
3.35464
1.44682
3.45152
1.45518
1.00188
1.45518
1.00188
1.45518
1.00752
1.45518
1.0169
1.45518
1.03003
1.45518
1.04686
1.45518
1.06739
1.45518
1.09157
1.45518
1.11938
1.45518
1.15077
1.45518
1.18569
1.45518
1.22409
1.45518
1.26592
1.45518
1.3111
1.45518
1.35958
1.45518
1.41128
1.45518
1.46612
1.45518
1.52402
1.45518
1.58489
1.45518
1.64864
1.45518
1.71518
1.45518
1.7844
1.45518
1.8562
1.45518
1.93047
1.45518
2.0071
1.45518
2.08598
1.45518
2.16699
1.45518
2.25
1.45518
2.33489
1.45518
2.42153
1.45518
2.5098
1.45518
2.59956
1.45518
2.69067
1.45518
2.78299
1.45518
2.8764
1.45518
2.97074
1.45518
3.06588
1.45518
3.16167
1.45518
3.25797
1.45518
3.35464
1.45518
3.45152
1.46286
1.00188
1.46286
1.00188
1.46286
1.00752
1.46286
1.0169
1.46286
1.03003
1.46286
1.04686
1.46286
1.06739
1.46286
1.09157
1.46286
1.11938
1.46286
1.15077
1.46286
1.18569
1.46286
1.22409
1.46286
1.26592
1.46286
1.3111
1.46286
1.35958
1.46286
1.41128
1.46286
1.46612
1.46286
1.52402
1.46286
1.58489
1.46286
1.64864
1.46286
1.71518
1.46286
1.7844
1.46286
1.8562
1.46286
1.93047
1.46286
2.0071
1.46286
2.08598
1.46286
2.16699
1.46286
2.25
1.46286
2.33489
1.46286
2.42153
1.46286
2.5098
1.46286
2.59956
1.46286
2.69067
1.46286
2.78299
1.46286
2.8764
1.46286
2.97074
1.46286
3.06588
1.46286
3.16167
1.46286
3.25797
1.46286
3.35464
1.46286
3.45152
1.46985
1.00188
1.46985
1.00188
1.46985
1.00752
1.46985
1.0169
1.46985
1.03003
1.46985
1.04686
1.46985
1.06739
1.46985
1.09157
1.46985
1.11938
1.46985
1.15077
1.46985
1.18569
1.46985
1.22409
1.46985
1.26592
1.46985
1.3111
1.46985
1.35958
1.46985
1.41128
1.46985
1.46612
1.46985
1.52402
1.46985
1.58489
1.46985
1.64864
1.46985
1.71518
1.46985
1.7844
1.46985
1.8562
1.46985
1.93047
1.46985
2.0071
1.46985
2.08598
1.46985
2.16699
1.46985
2.25
1.46985
2.33489
1.46985
2.42153
1.46985
2.5098
1.46985
2.59956
1.46985
2.69067
1.46985
2.78299
1.46985
2.8764
1.46985
2.97074
1.46985
3.06588
1.46985
3.16167
1.46985
3.25797
1.46985
3.35464
1.46985
3.45152
1.47612
1.00188
1.47612
1.00188
1.47612
1.00752
1.47612
1.0169
1.47612
1.03003
1.47612
1.04686
1.47612
1.06739
1.47612
1.09157
1.47612
1.11938
1.47612
1.15077
1.47612
1.18569
1.47612
1.22409
1.47612
1.26592
1.47612
1.3111
1.47612
1.35958
1.47612
1.41128
1.47612
1.46612
1.47612
1.52402
1.47612
1.58489
1.47612
1.64864
1.47612
1.71518
1.47612
1.7844
1.47612
1.8562
1.47612
1.93047
1.47612
2.0071
1.47612
2.08598
1.47612
2.16699
1.47612
2.25
1.47612
2.33489
1.47612
2.42153
1.47612
2.5098
1.47612
2.59956
1.47612
2.69067
1.47612
2.78299
1.47612
2.8764
1.47612
2.97074
1.47612
3.06588
1.47612
3.16167
1.47612
3.25797
1.47612
3.35464
1.47612
3.45152
1.48169
1.00188
1.48169
1.00188
1.48169
1.00752
1.48169
1.0169
1.48169
1.03003
1.48169
1.04686
1.48169
1.06739
1.48169
1.09157
1.48169
1.11938
1.48169
1.15077
1.48169
1.18569
1.48169
1.22409
1.48169
1.26592
1.48169
1.3111
1.48169
1.35958
1.48169
1.41128
1.48169
1.46612
1.48169
1.52402
1.48169
1.58489
1.48169
1.64864
1.48169
1.71518
1.48169
1.7844
1.48169
1.8562
1.48169
1.93047
1.48169
2.0071
1.48169
2.08598
1.48169
2.16699
1.48169
2.25
1.48169
2.33489
1.48169
2.42153
1.48169
2.5098
1.48169
2.59956
1.48169
2.69067
1.48169
2.78299
1.48169
2.8764
1.48169
2.97074
1.48169
3.06588
1.48169
3.16167
1.48169
3.25797
1.48169
3.35464
1.48169
3.45152
1.48652
1.00188
1.48652
1.00188
1.48652
1.00752
1.48652
1.0169
1.48652
1.03003
1.48652
1.04686
1.48652
1.06739
1.48652
1.09157
1.48652
1.11938
1.48652
1.15077
1.48652
1.18569
1.48652
1.22409
1.48652
1.26592
1.48652
1.3111
1.48652
1.35958
1.48652
1.41128
1.48652
1.46612
1.48652
1.52402
1.48652
1.58489
1.48652
1.64864
1.48652
1.71518
1.48652
1.7844
1.48652
1.8562
1.48652
1.93047
1.48652
2.0071
1.48652
2.08598
1.48652
2.16699
1.48652
2.25
1.48652
2.33489
1.48652
2.42153
1.48652
2.5098
1.48652
2.59956
1.48652
2.69067
1.48652
2.78299
1.48652
2.8764
1.48652
2.97074
1.48652
3.06588
1.48652
3.16167
1.48652
3.25797
1.48652
3.35464
1.48652
3.45152
1.49063
1.00188
1.49063
1.00188
1.49063
1.00752
1.49063
1.0169
1.49063
1.03003
1.49063
1.04686
1.49063
1.06739
1.49063
1.09157
1.49063
1.11938
1.49063
1.15077
1.49063
1.18569
1.49063
1.22409
1.49063
1.26592
1.49063
1.3111
1.49063
1.35958
1.49063
1.41128
1.49063
1.46612
1.49063
1.52402
1.49063
1.58489
1.49063
1.64864
1.49063
1.71518
1.49063
1.7844
1.49063
1.8562
1.49063
1.93047
1.49063
2.0071
1.49063
2.08598
1.49063
2.16699
1.49063
2.25
1.49063
2.33489
1.49063
2.42153
1.49063
2.5098
1.49063
2.59956
1.49063
2.69067
1.49063
2.78299
1.49063
2.8764
1.49063
2.97074
1.49063
3.06588
1.49063
3.16167
1.49063
3.25797
1.49063
3.35464
1.49063
3.45152
1.49399
1.00188
1.49399
1.00188
1.49399
1.00752
1.49399
1.0169
1.49399
1.03003
1.49399
1.04686
1.49399
1.06739
1.49399
1.09157
1.49399
1.11938
1.49399
1.15077
1.49399
1.18569
1.49399
1.22409
1.49399
1.26592
1.49399
1.3111
1.49399
1.35958
1.49399
1.41128
1.49399
1.46612
1.49399
1.52402
1.49399
1.58489
1.49399
1.64864
1.49399
1.71518
1.49399
1.7844
1.49399
1.8562
1.49399
1.93047
1.49399
2.0071
1.49399
2.08598
1.49399
2.16699
1.49399
2.25
1.49399
2.33489
1.49399
2.42153
1.49399
2.5098
1.49399
2.59956
1.49399
2.69067
1.49399
2.78299
1.49399
2.8764
1.49399
2.97074
1.49399
3.06588
1.49399
3.16167
1.49399
3.25797
1.49399
3.35464
1.49399
3.45152
1.49662
1.00188
1.49662
1.00188
1.49662
1.00752
1.49662
1.0169
1.49662
1.03003
1.49662
1.04686
1.49662
1.06739
1.49662
1.09157
1.49662
1.11938
1.49662
1.15077
1.49662
1.18569
1.49662
1.22409
1.49662
1.26592
1.49662
1.3111
1.49662
1.35958
1.49662
1.41128
1.49662
1.46612
1.49662
1.52402
1.49662
1.58489
1.49662
1.64864
1.49662
1.71518
1.49662
1.7844
1.49662
1.8562
1.49662
1.93047
1.49662
2.0071
1.49662
2.08598
1.49662
2.16699
1.49662
2.25
1.49662
2.33489
1.49662
2.42153
1.49662
2.5098
1.49662
2.59956
1.49662
2.69067
1.49662
2.78299
1.49662
2.8764
1.49662
2.97074
1.49662
3.06588
1.49662
3.16167
1.49662
3.25797
1.49662
3.35464
1.49662
3.45152
1.4985
1.00188
1.4985
1.00188
1.4985
1.00752
1.4985
1.0169
1.4985
1.03003
1.4985
1.04686
1.4985
1.06739
1.4985
1.09157
1.4985
1.11938
1.4985
1.15077
1.4985
1.18569
1.4985
1.22409
1.4985
1.26592
1.4985
1.3111
1.4985
1.35958
1.4985
1.41128
1.4985
1.46612
1.4985
1.52402
1.4985
1.58489
1.4985
1.64864
1.4985
1.71518
1.4985
1.7844
1.4985
1.8562
1.4985
1.93047
1.4985
2.0071
1.4985
2.08598
1.4985
2.16699
1.4985
2.25
1.4985
2.33489
1.4985
2.42153
1.4985
2.5098
1.4985
2.59956
1.4985
2.69067
1.4985
2.78299
1.4985
2.8764
1.4985
2.97074
1.4985
3.06588
1.4985
3.16167
1.4985
3.25797
1.4985
3.35464
1.4985
3.45152
1.49962
1.00188
1.49962
1.00188
1.49962
1.00752
1.49962
1.0169
1.49962
1.03003
1.49962
1.04686
1.49962
1.06739
1.49962
1.09157
1.49962
1.11938
1.49962
1.15077
1.49962
1.18569
1.49962
1.22409
1.49962
1.26592
1.49962
1.3111
1.49962
1.35958
1.49962
1.41128
1.49962
1.46612
1.49962
1.52402
1.49962
1.58489
1.49962
1.64864
1.49962
1.71518
1.49962
1.7844
1.49962
1.8562
1.49962
1.93047
1.49962
2.0071
1.49962
2.08598
1.49962
2.16699
1.49962
2.25
1.49962
2.33489
1.49962
2.42153
1.49962
2.5098
1.49962
2.59956
1.49962
2.69067
1.49962
2.78299
1.49962
2.8764
1.49962
2.97074
1.49962
3.06588
1.49962
3.16167
1.49962
3.25797
1.49962
3.35464
1.49962
3.45152
1.49962
1.00188
1.49962
1.00188
1.49962
1.00752
1.49962
1.0169
1.49962
1.03003
1.49962
1.04686
1.49962
1.06739
1.49962
1.09157
1.49962
1.11938
1.49962
1.15077
1.49962
1.18569
1.49962
1.22409
1.49962
1.26592
1.49962
1.3111
1.49962
1.35958
1.49962
1.41128
1.49962
1.46612
1.49962
1.52402
1.49962
1.58489
1.49962
1.64864
1.49962
1.71518
1.49962
1.7844
1.49962
1.8562
1.49962
1.93047
1.49962
2.0071
1.49962
2.08598
1.49962
2.16699
1.49962
2.25
1.49962
2.33489
1.49962
2.42153
1.49962
2.5098
1.49962
2.59956
1.49962
2.69067
1.49962
2.78299
1.49962
2.8764
1.49962
2.97074
1.49962
3.06588
1.49962
3.16167
1.49962
3.25797
1.49962
3.35464
1.49962
3.45152
