1.0097
3.54848
1.0097
3.64536
1.0097
3.74203
1.0097
3.83833
1.0097
3.93412
1.0097
4.02926
1.0097
4.1236
1.0097
4.21701
1.0097
4.30933
1.0097
4.40044
1.0097
4.4902
1.0097
4.57847
1.0097
4.66511
1.0097
4.75
1.0097
4.83301
1.0097
4.91402
1.0097
4.9929
1.0097
5.06953
1.0097
5.1438
1.0097
5.2156
1.0097
5.28482
1.0097
5.35136
1.0097
5.41511
1.0097
5.47598
1.0097
5.53388
1.0097
5.58872
1.0097
5.64042
1.0097
5.6889
1.0097
5.73408
1.0097
5.77591
1.0097
5.81431
1.0097
5.84923
1.0097
5.88062
1.0097
5.90843
1.0097
5.93261
1.0097
5.95314
1.0097
5.96997
1.0097
5.9831
1.0097
5.99248
1.0097
5.99812
1.0097
5.99812
1.02907
3.54848
1.02907
3.64536
1.02907
3.74203
1.02907
3.83833
1.02907
3.93412
1.02907
4.02926
1.02907
4.1236
1.02907
4.21701
1.02907
4.30933
1.02907
4.40044
1.02907
4.4902
1.02907
4.57847
1.02907
4.66511
1.02907
4.75
1.02907
4.83301
1.02907
4.91402
1.02907
4.9929
1.02907
5.06953
1.02907
5.1438
1.02907
5.2156
1.02907
5.28482
1.02907
5.35136
1.02907
5.41511
1.02907
5.47598
1.02907
5.53388
1.02907
5.58872
1.02907
5.64042
1.02907
5.6889
1.02907
5.73408
1.02907
5.77591
1.02907
5.81431
1.02907
5.84923
1.02907
5.88062
1.02907
5.90843
1.02907
5.93261
1.02907
5.95314
1.02907
5.96997
1.02907
5.9831
1.02907
5.99248
1.02907
5.99812
1.02907
5.99812
1.04841
3.54848
1.04841
3.64536
1.04841
3.74203
1.04841
3.83833
1.04841
3.93412
1.04841
4.02926
1.04841
4.1236
1.04841
4.21701
1.04841
4.30933
1.04841
4.40044
1.04841
4.4902
1.04841
4.57847
1.04841
4.66511
1.04841
4.75
1.04841
4.83301
1.04841
4.91402
1.04841
4.9929
1.04841
5.06953
1.04841
5.1438
1.04841
5.2156
1.04841
5.28482
1.04841
5.35136
1.04841
5.41511
1.04841
5.47598
1.04841
5.53388
1.04841
5.58872
1.04841
5.64042
1.04841
5.6889
1.04841
5.73408
1.04841
5.77591
1.04841
5.81431
1.04841
5.84923
1.04841
5.88062
1.04841
5.90843
1.04841
5.93261
1.04841
5.95314
1.04841
5.96997
1.04841
5.9831
1.04841
5.99248
1.04841
5.99812
1.04841
5.99812
1.06767
3.54848
1.06767
3.64536
1.06767
3.74203
1.06767
3.83833
1.06767
3.93412
1.06767
4.02926
1.06767
4.1236
1.06767
4.21701
1.06767
4.30933
1.06767
4.40044
1.06767
4.4902
1.06767
4.57847
1.06767
4.66511
1.06767
4.75
1.06767
4.83301
1.06767
4.91402
1.06767
4.9929
1.06767
5.06953
1.06767
5.1438
1.06767
5.2156
1.06767
5.28482
1.06767
5.35136
1.06767
5.41511
1.06767
5.47598
1.06767
5.53388
1.06767
5.58872
1.06767
5.64042
1.06767
5.6889
1.06767
5.73408
1.06767
5.77591
1.06767
5.81431
1.06767
5.84923
1.06767
5.88062
1.06767
5.90843
1.06767
5.93261
1.06767
5.95314
1.06767
5.96997
1.06767
5.9831
1.06767
5.99248
1.06767
5.99812
1.06767
5.99812
1.08682
3.54848
1.08682
3.64536
1.08682
3.74203
1.08682
3.83833
1.08682
3.93412
1.08682
4.02926
1.08682
4.1236
1.08682
4.21701
1.08682
4.30933
1.08682
4.40044
1.08682
4.4902
1.08682
4.57847
1.08682
4.66511
1.08682
4.75
1.08682
4.83301
1.08682
4.91402
1.08682
4.9929
1.08682
5.06953
1.08682
5.1438
1.08682
5.2156
1.08682
5.28482
1.08682
5.35136
1.08682
5.41511
1.08682
5.47598
1.08682
5.53388
1.08682
5.58872
1.08682
5.64042
1.08682
5.6889
1.08682
5.73408
1.08682
5.77591
1.08682
5.81431
1.08682
5.84923
1.08682
5.88062
1.08682
5.90843
1.08682
5.93261
1.08682
5.95314
1.08682
5.96997
1.08682
5.9831
1.08682
5.99248
1.08682
5.99812
1.08682
5.99812
1.10585
3.54848
1.10585
3.64536
1.10585
3.74203
1.10585
3.83833
1.10585
3.93412
1.10585
4.02926
1.10585
4.1236
1.10585
4.21701
1.10585
4.30933
1.10585
4.40044
1.10585
4.4902
1.10585
4.57847
1.10585
4.66511
1.10585
4.75
1.10585
4.83301
1.10585
4.91402
1.10585
4.9929
1.10585
5.06953
1.10585
5.1438
1.10585
5.2156
1.10585
5.28482
1.10585
5.35136
1.10585
5.41511
1.10585
5.47598
1.10585
5.53388
1.10585
5.58872
1.10585
5.64042
1.10585
5.6889
1.10585
5.73408
1.10585
5.77591
1.10585
5.81431
1.10585
5.84923
1.10585
5.88062
1.10585
5.90843
1.10585
5.93261
1.10585
5.95314
1.10585
5.96997
1.10585
5.9831
1.10585
5.99248
1.10585
5.99812
1.10585
5.99812
1.12472
3.54848
1.12472
3.64536
1.12472
3.74203
1.12472
3.83833
1.12472
3.93412
1.12472
4.02926
1.12472
4.1236
1.12472
4.21701
1.12472
4.30933
1.12472
4.40044
1.12472
4.4902
1.12472
4.57847
1.12472
4.66511
1.12472
4.75
1.12472
4.83301
1.12472
4.91402
1.12472
4.9929
1.12472
5.06953
1.12472
5.1438
1.12472
5.2156
1.12472
5.28482
1.12472
5.35136
1.12472
5.41511
1.12472
5.47598
1.12472
5.53388
1.12472
5.58872
1.12472
5.64042
1.12472
5.6889
1.12472
5.73408
1.12472
5.77591
1.12472
5.81431
1.12472
5.84923
1.12472
5.88062
1.12472
5.90843
1.12472
5.93261
1.12472
5.95314
1.12472
5.96997
1.12472
5.9831
1.12472
5.99248
1.12472
5.99812
1.12472
5.99812
1.1434
3.54848
1.1434
3.64536
1.1434
3.74203
1.1434
3.83833
1.1434
3.93412
1.1434
4.02926
1.1434
4.1236
1.1434
4.21701
1.1434
4.30933
1.1434
4.40044
1.1434
4.4902
1.1434
4.57847
1.1434
4.66511
1.1434
4.75
1.1434
4.83301
1.1434
4.91402
1.1434
4.9929
1.1434
5.06953
1.1434
5.1438
1.1434
5.2156
1.1434
5.28482
1.1434
5.35136
1.1434
5.41511
1.1434
5.47598
1.1434
5.53388
1.1434
5.58872
1.1434
5.64042
1.1434
5.6889
1.1434
5.73408
1.1434
5.77591
1.1434
5.81431
1.1434
5.84923
1.1434
5.88062
1.1434
5.90843
1.1434
5.93261
1.1434
5.95314
1.1434
5.96997
1.1434
5.9831
1.1434
5.99248
1.1434
5.99812
1.1434
5.99812
1.16187
3.54848
1.16187
3.64536
1.16187
3.74203
1.16187
3.83833
1.16187
3.93412
1.16187
4.02926
1.16187
4.1236
1.16187
4.21701
1.16187
4.30933
1.16187
4.40044
1.16187
4.4902
1.16187
4.57847
1.16187
4.66511
1.16187
4.75
1.16187
4.83301
1.16187
4.91402
1.16187
4.9929
1.16187
5.06953
1.16187
5.1438
1.16187
5.2156
1.16187
5.28482
1.16187
5.35136
1.16187
5.41511
1.16187
5.47598
1.16187
5.53388
1.16187
5.58872
1.16187
5.64042
1.16187
5.6889
1.16187
5.73408
1.16187
5.77591
1.16187
5.81431
1.16187
5.84923
1.16187
5.88062
1.16187
5.90843
1.16187
5.93261
1.16187
5.95314
1.16187
5.96997
1.16187
5.9831
1.16187
5.99248
1.16187
5.99812
1.16187
5.99812
1.18009
3.54848
1.18009
3.64536
1.18009
3.74203
1.18009
3.83833
1.18009
3.93412
1.18009
4.02926
1.18009
4.1236
1.18009
4.21701
1.18009
4.30933
1.18009
4.40044
1.18009
4.4902
1.18009
4.57847
1.18009
4.66511
1.18009
4.75
1.18009
4.83301
1.18009
4.91402
1.18009
4.9929
1.18009
5.06953
1.18009
5.1438
1.18009
5.2156
1.18009
5.28482
1.18009
5.35136
1.18009
5.41511
1.18009
5.47598
1.18009
5.53388
1.18009
5.58872
1.18009
5.64042
1.18009
5.6889
1.18009
5.73408
1.18009
5.77591
1.18009
5.81431
1.18009
5.84923
1.18009
5.88062
1.18009
5.90843
1.18009
5.93261
1.18009
5.95314
1.18009
5.96997
1.18009
5.9831
1.18009
5.99248
1.18009
5.99812
1.18009
5.99812
1.19804
3.54848
1.19804
3.64536
1.19804
3.74203
1.19804
3.83833
1.19804
3.93412
1.19804
4.02926
1.19804
4.1236
1.19804
4.21701
1.19804
4.30933
1.19804
4.40044
1.19804
4.4902
1.19804
4.57847
1.19804
4.66511
1.19804
4.75
1.19804
4.83301
1.19804
4.91402
1.19804
4.9929
1.19804
5.06953
1.19804
5.1438
1.19804
5.2156
1.19804
5.28482
1.19804
5.35136
1.19804
5.41511
1.19804
5.47598
1.19804
5.53388
1.19804
5.58872
1.19804
5.64042
1.19804
5.6889
1.19804
5.73408
1.19804
5.77591
1.19804
5.81431
1.19804
5.84923
1.19804
5.88062
1.19804
5.90843
1.19804
5.93261
1.19804
5.95314
1.19804
5.96997
1.19804
5.9831
1.19804
5.99248
1.19804
5.99812
1.19804
5.99812
1.21569
3.54848
1.21569
3.64536
1.21569
3.74203
1.21569
3.83833
1.21569
3.93412
1.21569
4.02926
1.21569
4.1236
1.21569
4.21701
1.21569
4.30933
1.21569
4.40044
1.21569
4.4902
1.21569
4.57847
1.21569
4.66511
1.21569
4.75
1.21569
4.83301
1.21569
4.91402
1.21569
4.9929
1.21569
5.06953
1.21569
5.1438
1.21569
5.2156
1.21569
5.28482
1.21569
5.35136
1.21569
5.41511
1.21569
5.47598
1.21569
5.53388
1.21569
5.58872
1.21569
5.64042
1.21569
5.6889
1.21569
5.73408
1.21569
5.77591
1.21569
5.81431
1.21569
5.84923
1.21569
5.88062
1.21569
5.90843
1.21569
5.93261
1.21569
5.95314
1.21569
5.96997
1.21569
5.9831
1.21569
5.99248
1.21569
5.99812
1.21569
5.99812
1.23302
3.54848
1.23302
3.64536
1.23302
3.74203
1.23302
3.83833
1.23302
3.93412
1.23302
4.02926
1.23302
4.1236
1.23302
4.21701
1.23302
4.30933
1.23302
4.40044
1.23302
4.4902
1.23302
4.57847
1.23302
4.66511
1.23302
4.75
1.23302
4.83301
1.23302
4.91402
1.23302
4.9929
1.23302
5.06953
1.23302
5.1438
1.23302
5.2156
1.23302
5.28482
1.23302
5.35136
1.23302
5.41511
1.23302
5.47598
1.23302
5.53388
1.23302
5.58872
1.23302
5.64042
1.23302
5.6889
1.23302
5.73408
1.23302
5.77591
1.23302
5.81431
1.23302
5.84923
1.23302
5.88062
1.23302
5.90843
1.23302
5.93261
1.23302
5.95314
1.23302
5.96997
1.23302
5.9831
1.23302
5.99248
1.23302
5.99812
1.23302
5.99812
1.25
3.54848
1.25
3.64536
1.25
3.74203
1.25
3.83833
1.25
3.93412
1.25
4.02926
1.25
4.1236
1.25
4.21701
1.25
4.30933
1.25
4.40044
1.25
4.4902
1.25
4.57847
1.25
4.66511
1.25
4.75
1.25
4.83301
1.25
4.91402
1.25
4.9929
1.25
5.06953
1.25
5.1438
1.25
5.2156
1.25
5.28482
1.25
5.35136
1.25
5.41511
1.25
5.47598
1.25
5.53388
1.25
5.58872
1.25
5.64042
1.25
5.6889
1.25
5.73408
1.25
5.77591
1.25
5.81431
1.25
5.84923
1.25
5.88062
1.25
5.90843
1.25
5.93261
1.25
5.95314
1.25
5.96997
1.25
5.9831
1.25
5.99248
1.25
5.99812
1.25
5.99812
1.2666
3.54848
1.2666
3.64536
1.2666
3.74203
1.2666
3.83833
1.2666
3.93412
1.2666
4.02926
1.2666
4.1236
1.2666
4.21701
1.2666
4.30933
1.2666
4.40044
1.2666
4.4902
1.2666
4.57847
1.2666
4.66511
1.2666
4.75
1.2666
4.83301
1.2666
4.91402
1.2666
4.9929
1.2666
5.06953
1.2666
5.1438
1.2666
5.2156
1.2666
5.28482
1.2666
5.35136
1.2666
5.41511
1.2666
5.47598
1.2666
5.53388
1.2666
5.58872
1.2666
5.64042
1.2666
5.6889
1.2666
5.73408
1.2666
5.77591
1.2666
5.81431
1.2666
5.84923
1.2666
5.88062
1.2666
5.90843
1.2666
5.93261
1.2666
5.95314
1.2666
5.96997
1.2666
5.9831
1.2666
5.99248
1.2666
5.99812
1.2666
5.99812
1.2828
3.54848
1.2828
3.64536
1.2828
3.74203
1.2828
3.83833
1.2828
3.93412
1.2828
4.02926
1.2828
4.1236
1.2828
4.21701
1.2828
4.30933
1.2828
4.40044
1.2828
4.4902
1.2828
4.57847
1.2828
4.66511
1.2828
4.75
1.2828
4.83301
1.2828
4.91402
1.2828
4.9929
1.2828
5.06953
1.2828
5.1438
1.2828
5.2156
1.2828
5.28482
1.2828
5.35136
1.2828
5.41511
1.2828
5.47598
1.2828
5.53388
1.2828
5.58872
1.2828
5.64042
1.2828
5.6889
1.2828
5.73408
1.2828
5.77591
1.2828
5.81431
1.2828
5.84923
1.2828
5.88062
1.2828
5.90843
1.2828
5.93261
1.2828
5.95314
1.2828
5.96997
1.2828
5.9831
1.2828
5.99248
1.2828
5.99812
1.2828
5.99812
1.29858
3.54848
1.29858
3.64536
1.29858
3.74203
1.29858
3.83833
1.29858
3.93412
1.29858
4.02926
1.29858
4.1236
1.29858
4.21701
1.29858
4.30933
1.29858
4.40044
1.29858
4.4902
1.29858
4.57847
1.29858
4.66511
1.29858
4.75
1.29858
4.83301
1.29858
4.91402
1.29858
4.9929
1.29858
5.06953
1.29858
5.1438
1.29858
5.2156
1.29858
5.28482
1.29858
5.35136
1.29858
5.41511
1.29858
5.47598
1.29858
5.53388
1.29858
5.58872
1.29858
5.64042
1.29858
5.6889
1.29858
5.73408
1.29858
5.77591
1.29858
5.81431
1.29858
5.84923
1.29858
5.88062
1.29858
5.90843
1.29858
5.93261
1.29858
5.95314
1.29858
5.96997
1.29858
5.9831
1.29858
5.99248
1.29858
5.99812
1.29858
5.99812
1.31391
3.54848
1.31391
3.64536
1.31391
3.74203
1.31391
3.83833
1.31391
3.93412
1.31391
4.02926
1.31391
4.1236
1.31391
4.21701
1.31391
4.30933
1.31391
4.40044
1.31391
4.4902
1.31391
4.57847
1.31391
4.66511
1.31391
4.75
1.31391
4.83301
1.31391
4.91402
1.31391
4.9929
1.31391
5.06953
1.31391
5.1438
1.31391
5.2156
1.31391
5.28482
1.31391
5.35136
1.31391
5.41511
1.31391
5.47598
1.31391
5.53388
1.31391
5.58872
1.31391
5.64042
1.31391
5.6889
1.31391
5.73408
1.31391
5.77591
1.31391
5.81431
1.31391
5.84923
1.31391
5.88062
1.31391
5.90843
1.31391
5.93261
1.31391
5.95314
1.31391
5.96997
1.31391
5.9831
1.31391
5.99248
1.31391
5.99812
1.31391
5.99812
1.32876
3.54848
1.32876
3.64536
1.32876
3.74203
1.32876
3.83833
1.32876
3.93412
1.32876
4.02926
1.32876
4.1236
1.32876
4.21701
1.32876
4.30933
1.32876
4.40044
1.32876
4.4902
1.32876
4.57847
1.32876
4.66511
1.32876
4.75
1.32876
4.83301
1.32876
4.91402
1.32876
4.9929
1.32876
5.06953
1.32876
5.1438
1.32876
5.2156
1.32876
5.28482
1.32876
5.35136
1.32876
5.41511
1.32876
5.47598
1.32876
5.53388
1.32876
5.58872
1.32876
5.64042
1.32876
5.6889
1.32876
5.73408
1.32876
5.77591
1.32876
5.81431
1.32876
5.84923
1.32876
5.88062
1.32876
5.90843
1.32876
5.93261
1.32876
5.95314
1.32876
5.96997
1.32876
5.9831
1.32876
5.99248
1.32876
5.99812
1.32876
5.99812
1.34312
3.54848
1.34312
3.64536
1.34312
3.74203
1.34312
3.83833
1.34312
3.93412
1.34312
4.02926
1.34312
4.1236
1.34312
4.21701
1.34312
4.30933
1.34312
4.40044
1.34312
4.4902
1.34312
4.57847
1.34312
4.66511
1.34312
4.75
1.34312
4.83301
1.34312
4.91402
1.34312
4.9929
1.34312
5.06953
1.34312
5.1438
1.34312
5.2156
1.34312
5.28482
1.34312
5.35136
1.34312
5.41511
1.34312
5.47598
1.34312
5.53388
1.34312
5.58872
1.34312
5.64042
1.34312
5.6889
1.34312
5.73408
1.34312
5.77591
1.34312
5.81431
1.34312
5.84923
1.34312
5.88062
1.34312
5.90843
1.34312
5.93261
1.34312
5.95314
1.34312
5.96997
1.34312
5.9831
1.34312
5.99248
1.34312
5.99812
1.34312
5.99812
1.35696
3.54848
1.35696
3.64536
1.35696
3.74203
1.35696
3.83833
1.35696
3.93412
1.35696
4.02926
1.35696
4.1236
1.35696
4.21701
1.35696
4.30933
1.35696
4.40044
1.35696
4.4902
1.35696
4.57847
1.35696
4.66511
1.35696
4.75
1.35696
4.83301
1.35696
4.91402
1.35696
4.9929
1.35696
5.06953
1.35696
5.1438
1.35696
5.2156
1.35696
5.28482
1.35696
5.35136
1.35696
5.41511
1.35696
5.47598
1.35696
5.53388
1.35696
5.58872
1.35696
5.64042
1.35696
5.6889
1.35696
5.73408
1.35696
5.77591
1.35696
5.81431
1.35696
5.84923
1.35696
5.88062
1.35696
5.90843
1.35696
5.93261
1.35696
5.95314
1.35696
5.96997
1.35696
5.9831
1.35696
5.99248
1.35696
5.99812
1.35696
5.99812
1.37027
3.54848
1.37027
3.64536
1.37027
3.74203
1.37027
3.83833
1.37027
3.93412
1.37027
4.02926
1.37027
4.1236
1.37027
4.21701
1.37027
4.30933
1.37027
4.40044
1.37027
4.4902
1.37027
4.57847
1.37027
4.66511
1.37027
4.75
1.37027
4.83301
1.37027
4.91402
1.37027
4.9929
1.37027
5.06953
1.37027
5.1438
1.37027
5.2156
1.37027
5.28482
1.37027
5.35136
1.37027
5.41511
1.37027
5.47598
1.37027
5.53388
1.37027
5.58872
1.37027
5.64042
1.37027
5.6889
1.37027
5.73408
1.37027
5.77591
1.37027
5.81431
1.37027
5.84923
1.37027
5.88062
1.37027
5.90843
1.37027
5.93261
1.37027
5.95314
1.37027
5.96997
1.37027
5.9831
1.37027
5.99248
1.37027
5.99812
1.37027
5.99812
1.38302
3.54848
1.38302
3.64536
1.38302
3.74203
1.38302
3.83833
1.38302
3.93412
1.38302
4.02926
1.38302
4.1236
1.38302
4.21701
1.38302
4.30933
1.38302
4.40044
1.38302
4.4902
1.38302
4.57847
1.38302
4.66511
1.38302
4.75
1.38302
4.83301
1.38302
4.91402
1.38302
4.9929
1.38302
5.06953
1.38302
5.1438
1.38302
5.2156
1.38302
5.28482
1.38302
5.35136
1.38302
5.41511
1.38302
5.47598
1.38302
5.53388
1.38302
5.58872
1.38302
5.64042
1.38302
5.6889
1.38302
5.73408
1.38302
5.77591
1.38302
5.81431
1.38302
5.84923
1.38302
5.88062
1.38302
5.90843
1.38302
5.93261
1.38302
5.95314
1.38302
5.96997
1.38302
5.9831
1.38302
5.99248
1.38302
5.99812
1.38302
5.99812
1.3952
3.54848
1.3952
3.64536
1.3952
3.74203
1.3952
3.83833
1.3952
3.93412
1.3952
4.02926
1.3952
4.1236
1.3952
4.21701
1.3952
4.30933
1.3952
4.40044
1.3952
4.4902
1.3952
4.57847
1.3952
4.66511
1.3952
4.75
1.3952
4.83301
1.3952
4.91402
1.3952
4.9929
1.3952
5.06953
1.3952
5.1438
1.3952
5.2156
1.3952
5.28482
1.3952
5.35136
1.3952
5.41511
1.3952
5.47598
1.3952
5.53388
1.3952
5.58872
1.3952
5.64042
1.3952
5.6889
1.3952
5.73408
1.3952
5.77591
1.3952
5.81431
1.3952
5.84923
1.3952
5.88062
1.3952
5.90843
1.3952
5.93261
1.3952
5.95314
1.3952
5.96997
1.3952
5.9831
1.3952
5.99248
1.3952
5.99812
1.3952
5.99812
1.40678
3.54848
1.40678
3.64536
1.40678
3.74203
1.40678
3.83833
1.40678
3.93412
1.40678
4.02926
1.40678
4.1236
1.40678
4.21701
1.40678
4.30933
1.40678
4.40044
1.40678
4.4902
1.40678
4.57847
1.40678
4.66511
1.40678
4.75
1.40678
4.83301
1.40678
4.91402
1.40678
4.9929
1.40678
5.06953
1.40678
5.1438
1.40678
5.2156
1.40678
5.28482
1.40678
5.35136
1.40678
5.41511
1.40678
5.47598
1.40678
5.53388
1.40678
5.58872
1.40678
5.64042
1.40678
5.6889
1.40678
5.73408
1.40678
5.77591
1.40678
5.81431
1.40678
5.84923
1.40678
5.88062
1.40678
5.90843
1.40678
5.93261
1.40678
5.95314
1.40678
5.96997
1.40678
5.9831
1.40678
5.99248
1.40678
5.99812
1.40678
5.99812
1.41774
3.54848
1.41774
3.64536
1.41774
3.74203
1.41774
3.83833
1.41774
3.93412
1.41774
4.02926
1.41774
4.1236
1.41774
4.21701
1.41774
4.30933
1.41774
4.40044
1.41774
4.4902
1.41774
4.57847
1.41774
4.66511
1.41774
4.75
1.41774
4.83301
1.41774
4.91402
1.41774
4.9929
1.41774
5.06953
1.41774
5.1438
1.41774
5.2156
1.41774
5.28482
1.41774
5.35136
1.41774
5.41511
1.41774
5.47598
1.41774
5.53388
1.41774
5.58872
1.41774
5.64042
1.41774
5.6889
1.41774
5.73408
1.41774
5.77591
1.41774
5.81431
1.41774
5.84923
1.41774
5.88062
1.41774
5.90843
1.41774
5.93261
1.41774
5.95314
1.41774
5.96997
1.41774
5.9831
1.41774
5.99248
1.41774
5.99812
1.41774
5.99812
1.42808
3.54848
1.42808
3.64536
1.42808
3.74203
1.42808
3.83833
1.42808
3.93412
1.42808
4.02926
1.42808
4.1236
1.42808
4.21701
1.42808
4.30933
1.42808
4.40044
1.42808
4.4902
1.42808
4.57847
1.42808
4.66511
1.42808
4.75
1.42808
4.83301
1.42808
4.91402
1.42808
4.9929
1.42808
5.06953
1.42808
5.1438
1.42808
5.2156
1.42808
5.28482
1.42808
5.35136
1.42808
5.41511
1.42808
5.47598
1.42808
5.53388
1.42808
5.58872
1.42808
5.64042
1.42808
5.6889
1.42808
5.73408
1.42808
5.77591
1.42808
5.81431
1.42808
5.84923
1.42808
5.88062
1.42808
5.90843
1.42808
5.93261
1.42808
5.95314
1.42808
5.96997
1.42808
5.9831
1.42808
5.99248
1.42808
5.99812
1.42808
5.99812
1.43778
3.54848
1.43778
3.64536
1.43778
3.74203
1.43778
3.83833
1.43778
3.93412
1.43778
4.02926
1.43778
4.1236
1.43778
4.21701
1.43778
4.30933
1.43778
4.40044
1.43778
4.4902
1.43778
4.57847
1.43778
4.66511
1.43778
4.75
1.43778
4.83301
1.43778
4.91402
1.43778
4.9929
1.43778
5.06953
1.43778
5.1438
1.43778
5.2156
1.43778
5.28482
1.43778
5.35136
1.43778
5.41511
1.43778
5.47598
1.43778
5.53388
1.43778
5.58872
1.43778
5.64042
1.43778
5.6889
1.43778
5.73408
1.43778
5.77591
1.43778
5.81431
1.43778
5.84923
1.43778
5.88062
1.43778
5.90843
1.43778
5.93261
1.43778
5.95314
1.43778
5.96997
1.43778
5.9831
1.43778
5.99248
1.43778
5.99812
1.43778
5.99812
1.44682
3.54848
1.44682
3.64536
1.44682
3.74203
1.44682
3.83833
1.44682
3.93412
1.44682
4.02926
1.44682
4.1236
1.44682
4.21701
1.44682
4.30933
1.44682
4.40044
1.44682
4.4902
1.44682
4.57847
1.44682
4.66511
1.44682
4.75
1.44682
4.83301
1.44682
4.91402
1.44682
4.9929
1.44682
5.06953
1.44682
5.1438
1.44682
5.2156
1.44682
5.28482
1.44682
5.35136
1.44682
5.41511
1.44682
5.47598
1.44682
5.53388
1.44682
5.58872
1.44682
5.64042
1.44682
5.6889
1.44682
5.73408
1.44682
5.77591
1.44682
5.81431
1.44682
5.84923
1.44682
5.88062
1.44682
5.90843
1.44682
5.93261
1.44682
5.95314
1.44682
5.96997
1.44682
5.9831
1.44682
5.99248
1.44682
5.99812
1.44682
5.99812
1.45518
3.54848
1.45518
3.64536
1.45518
3.74203
1.45518
3.83833
1.45518
3.93412
1.45518
4.02926
1.45518
4.1236
1.45518
4.21701
1.45518
4.30933
1.45518
4.40044
1.45518
4.4902
1.45518
4.57847
1.45518
4.66511
1.45518
4.75
1.45518
4.83301
1.45518
4.91402
1.45518
4.9929
1.45518
5.06953
1.45518
5.1438
1.45518
5.2156
1.45518
5.28482
1.45518
5.35136
1.45518
5.41511
1.45518
5.47598
1.45518
5.53388
1.45518
5.58872
1.45518
5.64042
1.45518
5.6889
1.45518
5.73408
1.45518
5.77591
1.45518
5.81431
1.45518
5.84923
1.45518
5.88062
1.45518
5.90843
1.45518
5.93261
1.45518
5.95314
1.45518
5.96997
1.45518
5.9831
1.45518
5.99248
1.45518
5.99812
1.45518
5.99812
1.46286
3.54848
1.46286
3.64536
1.46286
3.74203
1.46286
3.83833
1.46286
3.93412
1.46286
4.02926
1.46286
4.1236
1.46286
4.21701
1.46286
4.30933
1.46286
4.40044
1.46286
4.4902
1.46286
4.57847
1.46286
4.66511
1.46286
4.75
1.46286
4.83301
1.46286
4.91402
1.46286
4.9929
1.46286
5.06953
1.46286
5.1438
1.46286
5.2156
1.46286
5.28482
1.46286
5.35136
1.46286
5.41511
1.46286
5.47598
1.46286
5.53388
1.46286
5.58872
1.46286
5.64042
1.46286
5.6889
1.46286
5.73408
1.46286
5.77591
1.46286
5.81431
1.46286
5.84923
1.46286
5.88062
1.46286
5.90843
1.46286
5.93261
1.46286
5.95314
1.46286
5.96997
1.46286
5.9831
1.46286
5.99248
1.46286
5.99812
1.46286
5.99812
1.46985
3.54848
1.46985
3.64536
1.46985
3.74203
1.46985
3.83833
1.46985
3.93412
1.46985
4.02926
1.46985
4.1236
1.46985
4.21701
1.46985
4.30933
1.46985
4.40044
1.46985
4.4902
1.46985
4.57847
1.46985
4.66511
1.46985
4.75
1.46985
4.83301
1.46985
4.91402
1.46985
4.9929
1.46985
5.06953
1.46985
5.1438
1.46985
5.2156
1.46985
5.28482
1.46985
5.35136
1.46985
5.41511
1.46985
5.47598
1.46985
5.53388
1.46985
5.58872
1.46985
5.64042
1.46985
5.6889
1.46985
5.73408
1.46985
5.77591
1.46985
5.81431
1.46985
5.84923
1.46985
5.88062
1.46985
5.90843
1.46985
5.93261
1.46985
5.95314
1.46985
5.96997
1.46985
5.9831
1.46985
5.99248
1.46985
5.99812
1.46985
5.99812
1.47612
3.54848
1.47612
3.64536
1.47612
3.74203
1.47612
3.83833
1.47612
3.93412
1.47612
4.02926
1.47612
4.1236
1.47612
4.21701
1.47612
4.30933
1.47612
4.40044
1.47612
4.4902
1.47612
4.57847
1.47612
4.66511
1.47612
4.75
1.47612
4.83301
1.47612
4.91402
1.47612
4.9929
1.47612
5.06953
1.47612
5.1438
1.47612
5.2156
1.47612
5.28482
1.47612
5.35136
1.47612
5.41511
1.47612
5.47598
1.47612
5.53388
1.47612
5.58872
1.47612
5.64042
1.47612
5.6889
1.47612
5.73408
1.47612
5.77591
1.47612
5.81431
1.47612
5.84923
1.47612
5.88062
1.47612
5.90843
1.47612
5.93261
1.47612
5.95314
1.47612
5.96997
1.47612
5.9831
1.47612
5.99248
1.47612
5.99812
1.47612
5.99812
1.48169
3.54848
1.48169
3.64536
1.48169
3.74203
1.48169
3.83833
1.48169
3.93412
1.48169
4.02926
1.48169
4.1236
1.48169
4.21701
1.48169
4.30933
1.48169
4.40044
1.48169
4.4902
1.48169
4.57847
1.48169
4.66511
1.48169
4.75
1.48169
4.83301
1.48169
4.91402
1.48169
4.9929
1.48169
5.06953
1.48169
5.1438
1.48169
5.2156
1.48169
5.28482
1.48169
5.35136
1.48169
5.41511
1.48169
5.47598
1.48169
5.53388
1.48169
5.58872
1.48169
5.64042
1.48169
5.6889
1.48169
5.73408
1.48169
5.77591
1.48169
5.81431
1.48169
5.84923
1.48169
5.88062
1.48169
5.90843
1.48169
5.93261
1.48169
5.95314
1.48169
5.96997
1.48169
5.9831
1.48169
5.99248
1.48169
5.99812
1.48169
5.99812
1.48652
3.54848
1.48652
3.64536
1.48652
3.74203
1.48652
3.83833
1.48652
3.93412
1.48652
4.02926
1.48652
4.1236
1.48652
4.21701
1.48652
4.30933
1.48652
4.40044
1.48652
4.4902
1.48652
4.57847
1.48652
4.66511
1.48652
4.75
1.48652
4.83301
1.48652
4.91402
1.48652
4.9929
1.48652
5.06953
1.48652
5.1438
1.48652
5.2156
1.48652
5.28482
1.48652
5.35136
1.48652
5.41511
1.48652
5.47598
1.48652
5.53388
1.48652
5.58872
1.48652
5.64042
1.48652
5.6889
1.48652
5.73408
1.48652
5.77591
1.48652
5.81431
1.48652
5.84923
1.48652
5.88062
1.48652
5.90843
1.48652
5.93261
1.48652
5.95314
1.48652
5.96997
1.48652
5.9831
1.48652
5.99248
1.48652
5.99812
1.48652
5.99812
1.49063
3.54848
1.49063
3.64536
1.49063
3.74203
1.49063
3.83833
1.49063
3.93412
1.49063
4.02926
1.49063
4.1236
1.49063
4.21701
1.49063
4.30933
1.49063
4.40044
1.49063
4.4902
1.49063
4.57847
1.49063
4.66511
1.49063
4.75
1.49063
4.83301
1.49063
4.91402
1.49063
4.9929
1.49063
5.06953
1.49063
5.1438
1.49063
5.2156
1.49063
5.28482
1.49063
5.35136
1.49063
5.41511
1.49063
5.47598
1.49063
5.53388
1.49063
5.58872
1.49063
5.64042
1.49063
5.6889
1.49063
5.73408
1.49063
5.77591
1.49063
5.81431
1.49063
5.84923
1.49063
5.88062
1.49063
5.90843
1.49063
5.93261
1.49063
5.95314
1.49063
5.96997
1.49063
5.9831
1.49063
5.99248
1.49063
5.99812
1.49063
5.99812
1.49399
3.54848
1.49399
3.64536
1.49399
3.74203
1.49399
3.83833
1.49399
3.93412
1.49399
4.02926
1.49399
4.1236
1.49399
4.21701
1.49399
4.30933
1.49399
4.40044
1.49399
4.4902
1.49399
4.57847
1.49399
4.66511
1.49399
4.75
1.49399
4.83301
1.49399
4.91402
1.49399
4.9929
1.49399
5.06953
1.49399
5.1438
1.49399
5.2156
1.49399
5.28482
1.49399
5.35136
1.49399
5.41511
1.49399
5.47598
1.49399
5.53388
1.49399
5.58872
1.49399
5.64042
1.49399
5.6889
1.49399
5.73408
1.49399
5.77591
1.49399
5.81431
1.49399
5.84923
1.49399
5.88062
1.49399
5.90843
1.49399
5.93261
1.49399
5.95314
1.49399
5.96997
1.49399
5.9831
1.49399
5.99248
1.49399
5.99812
1.49399
5.99812
1.49662
3.54848
1.49662
3.64536
1.49662
3.74203
1.49662
3.83833
1.49662
3.93412
1.49662
4.02926
1.49662
4.1236
1.49662
4.21701
1.49662
4.30933
1.49662
4.40044
1.49662
4.4902
1.49662
4.57847
1.49662
4.66511
1.49662
4.75
1.49662
4.83301
1.49662
4.91402
1.49662
4.9929
1.49662
5.06953
1.49662
5.1438
1.49662
5.2156
1.49662
5.28482
1.49662
5.35136
1.49662
5.41511
1.49662
5.47598
1.49662
5.53388
1.49662
5.58872
1.49662
5.64042
1.49662
5.6889
1.49662
5.73408
1.49662
5.77591
1.49662
5.81431
1.49662
5.84923
1.49662
5.88062
1.49662
5.90843
1.49662
5.93261
1.49662
5.95314
1.49662
5.96997
1.49662
5.9831
1.49662
5.99248
1.49662
5.99812
1.49662
5.99812
1.4985
3.54848
1.4985
3.64536
1.4985
3.74203
1.4985
3.83833
1.4985
3.93412
1.4985
4.02926
1.4985
4.1236
1.4985
4.21701
1.4985
4.30933
1.4985
4.40044
1.4985
4.4902
1.4985
4.57847
1.4985
4.66511
1.4985
4.75
1.4985
4.83301
1.4985
4.91402
1.4985
4.9929
1.4985
5.06953
1.4985
5.1438
1.4985
5.2156
1.4985
5.28482
1.4985
5.35136
1.4985
5.41511
1.4985
5.47598
1.4985
5.53388
1.4985
5.58872
1.4985
5.64042
1.4985
5.6889
1.4985
5.73408
1.4985
5.77591
1.4985
5.81431
1.4985
5.84923
1.4985
5.88062
1.4985
5.90843
1.4985
5.93261
1.4985
5.95314
1.4985
5.96997
1.4985
5.9831
1.4985
5.99248
1.4985
5.99812
1.4985
5.99812
1.49962
3.54848
1.49962
3.64536
1.49962
3.74203
1.49962
3.83833
1.49962
3.93412
1.49962
4.02926
1.49962
4.1236
1.49962
4.21701
1.49962
4.30933
1.49962
4.40044
1.49962
4.4902
1.49962
4.57847
1.49962
4.66511
1.49962
4.75
1.49962
4.83301
1.49962
4.91402
1.49962
4.9929
1.49962
5.06953
1.49962
5.1438
1.49962
5.2156
1.49962
5.28482
1.49962
5.35136
1.49962
5.41511
1.49962
5.47598
1.49962
5.53388
1.49962
5.58872
1.49962
5.64042
1.49962
5.6889
1.49962
5.73408
1.49962
5.77591
1.49962
5.81431
1.49962
5.84923
1.49962
5.88062
1.49962
5.90843
1.49962
5.93261
1.49962
5.95314
1.49962
5.96997
1.49962
5.9831
1.49962
5.99248
1.49962
5.99812
1.49962
5.99812
1.49962
3.54848
1.49962
3.64536
1.49962
3.74203
1.49962
3.83833
1.49962
3.93412
1.49962
4.02926
1.49962
4.1236
1.49962
4.21701
1.49962
4.30933
1.49962
4.40044
1.49962
4.4902
1.49962
4.57847
1.49962
4.66511
1.49962
4.75
1.49962
4.83301
1.49962
4.91402
1.49962
4.9929
1.49962
5.06953
1.49962
5.1438
1.49962
5.2156
1.49962
5.28482
1.49962
5.35136
1.49962
5.41511
1.49962
5.47598
1.49962
5.53388
1.49962
5.58872
1.49962
5.64042
1.49962
5.6889
1.49962
5.73408
1.49962
5.77591
1.49962
5.81431
1.49962
5.84923
1.49962
5.88062
1.49962
5.90843
1.49962
5.93261
1.49962
5.95314
1.49962
5.96997
1.49962
5.9831
1.49962
5.99248
1.49962
5.99812
1.49962
5.99812
