1.74179
2.49522
1.99423
2.22125
2.22664
1.96073
2.42265
1.73332
2.57552
1.54879
2.68729
1.40747
2.76512
1.30375
2.81766
1.22979
2.85284
1.17794
2.87691
1.14179
2.89443
1.11645
2.90846
1.09838
2.92099
1.08508
2.93321
1.07487
2.94579
1.06662
2.95904
1.0596
2.97306
1.05333
2.98781
1.04753
3.00318
1.04203
3.01902
1.03673
3.03517
1.03159
3.05146
1.02659
3.06772
1.02173
3.0838
1.01702
3.09958
1.01248
3.11491
1.00813
3.1297
1.00398
3.14383
1.00006
3.15722
0.996377
3.16979
0.99295
3.18145
0.98979
3.19216
0.986911
3.20184
0.984321
3.21044
0.982031
3.21791
0.980051
3.22421
0.978387
3.2293
0.977047
3.23315
0.976036
3.23573
0.975359
3.23702
0.97502
3.23702
0.97502
1.83524
2.3556
2.07351
2.09291
2.28435
1.85282
2.45627
1.64996
2.58697
1.48931
2.68102
1.36825
2.74617
1.28019
2.7905
1.21757
2.82092
1.17353
2.84269
1.14255
2.85955
1.1205
2.87395
1.10441
2.88746
1.09223
2.90098
1.08258
2.915
1.07451
2.92972
1.06745
2.94516
1.06101
2.96126
1.05496
2.97788
1.04917
2.99488
1.04358
3.01207
1.03814
3.0293
1.03285
3.04642
1.02773
3.06328
1.02277
3.07974
1.018
3.0957
1.01345
3.11104
1.00911
3.12567
1.00502
3.1395
1.00119
3.15246
0.99763
3.16448
0.994351
3.17548
0.991366
3.18543
0.988685
3.19426
0.986317
3.20192
0.98427
3.20838
0.982552
3.21359
0.981168
3.21754
0.980125
3.22018
0.979428
3.2215
0.979078
3.2215
0.979078
1.91764
2.22754
2.13887
1.98
2.32788
1.76146
2.47773
1.58179
2.58946
1.44222
2.66908
1.33831
2.72433
1.26313
2.76253
1.20965
2.78964
1.17181
2.81004
1.14487
2.82679
1.12533
2.84187
1.11073
2.85649
1.09935
2.87135
1.09003
2.88677
1.08203
2.90289
1.07485
2.91968
1.0682
2.93703
1.06188
2.95482
1.0558
2.97287
1.04991
2.99102
1.04419
3.00913
1.03863
3.02703
1.03325
3.04459
1.02807
3.06169
1.02309
3.07821
1.01834
3.09406
1.01383
3.10915
1.00959
3.12338
1.00561
3.1367
1.00192
3.14903
0.998535
3.16032
0.995453
3.1705
0.992687
3.17954
0.990246
3.18738
0.988138
3.19398
0.986369
3.19931
0.984945
3.20334
0.983872
3.20603
0.983155
3.20739
0.982795
3.20739
0.982795
1.98836
2.1122
2.19111
1.88214
2.35917
1.685
2.48943
1.52652
2.58523
1.40526
2.65326
1.31572
2.70089
1.2511
2.7346
1.20497
2.75948
1.17205
2.7792
1.14826
2.79624
1.13065
2.81219
1.11713
2.82799
1.10629
2.84417
1.09716
2.86096
1.08913
2.8784
1.08179
2.89644
1.07489
2.91496
1.0683
2.93381
1.06194
2.95284
1.05576
2.97188
1.04977
2.99078
1.04395
3.0094
1.03834
3.0276
1.03293
3.04528
1.02775
3.06233
1.02282
3.07864
1.01815
3.09414
1.01376
3.10875
1.00966
3.12239
1.00585
3.13501
1.00236
3.14655
0.99919
3.15696
0.996346
3.16618
0.993837
3.17418
0.991672
3.18092
0.989856
3.18635
0.988395
3.19045
0.987295
3.1932
0.986559
3.19458
0.986191
3.19458
0.986191
2.0475
2.00993
2.23151
1.79836
2.38022
1.6216
2.49349
1.48205
2.57613
1.37647
2.63496
1.29891
2.67678
1.24291
2.70727
1.20271
2.73076
1.17368
2.75029
1.15235
2.76789
1.1362
2.78483
1.12347
2.80184
1.11298
2.81932
1.10393
2.8374
1.09579
2.85608
1.08825
2.87529
1.0811
2.89489
1.07424
2.91473
1.06759
2.93465
1.06114
2.9545
1.05489
2.97413
1.04883
2.9934
1.04299
3.0122
1.03739
3.0304
1.03202
3.04792
1.02692
3.06466
1.0221
3.08054
1.01758
3.09548
1.01335
3.10943
1.00944
3.12231
1.00585
3.13409
1.0026
3.14469
0.99968
3.15409
0.99711
3.16224
0.994892
3.16909
0.993033
3.17462
0.991538
3.1788
0.990412
3.18159
0.98966
3.18299
0.989283
3.18299
0.989283
2.09573
1.9204
2.26161
1.72733
2.39293
1.5694
2.49175
1.44648
2.56364
1.35423
2.61525
1.28662
2.6527
1.23766
2.68095
1.20223
2.70366
1.17629
2.72336
1.15686
2.7417
1.14181
2.75969
1.12965
2.77791
1.11936
2.79663
1.1103
2.81593
1.10201
2.83578
1.09425
2.85607
1.08684
2.87667
1.0797
2.89741
1.07279
2.91815
1.06608
2.93874
1.05958
2.95904
1.0533
2.97891
1.04725
2.99825
1.04145
3.01694
1.03592
3.03489
1.03066
3.05202
1.0257
3.06824
1.02105
3.08349
1.01671
3.09771
1.0127
3.11084
1.00903
3.12282
1.00569
3.13362
1.00271
3.14317
1.00008
3.15145
0.997816
3.15842
0.995917
3.16403
0.994391
3.16827
0.993242
3.17111
0.992474
3.17254
0.992089
3.17254
0.992089
2.13406
1.84284
2.28299
1.66759
2.39904
1.52668
2.48572
1.4182
2.54892
1.33721
2.5949
1.27785
2.62914
1.23463
2.6559
1.20304
2.67828
1.17955
2.6984
1.1616
2.71759
1.14736
2.73667
1.13558
2.75606
1.1254
2.77597
1.11625
2.79642
1.10779
2.81735
1.09979
2.83864
1.09213
2.86015
1.08472
2.88173
1.07755
2.90322
1.07059
2.92449
1.06386
2.9454
1.05737
2.96582
1.05113
2.98565
1.04515
3.00478
1.03946
3.02312
1.03406
3.0406
1.02897
3.05714
1.0242
3.07268
1.01976
3.08715
1.01566
3.1005
1.01191
3.11268
1.0085
3.12364
1.00546
3.13334
1.00277
3.14174
1.00046
3.14881
0.998528
3.1545
0.996972
3.1588
0.995802
3.16168
0.995019
3.16313
0.994627
3.16313
0.994627
2.16368
1.77623
2.29719
1.61764
2.40004
1.49187
2.47663
1.39584
2.53287
1.32432
2.57452
1.27179
2.60643
1.23327
2.63227
1.20476
2.65466
1.18321
2.67536
1.1664
2.69547
1.15276
2.71563
1.14122
2.73616
1.13106
2.75719
1.12179
2.77871
1.11313
2.80064
1.1049
2.82286
1.09698
2.84521
1.08932
2.86755
1.0819
2.88973
1.07471
2.91162
1.06777
2.93308
1.06107
2.95401
1.05465
2.97429
1.04851
2.99382
1.04267
3.01253
1.03714
3.03033
1.03193
3.04716
1.02706
3.06295
1.02252
3.07765
1.01834
3.0912
1.0145
3.10356
1.01104
3.11468
1.00793
3.12451
1.0052
3.13303
1.00285
3.14018
1.00088
3.14595
0.9993
3.15031
0.998109
3.15322
0.997313
3.15468
0.996915
3.15468
0.996915
2.18584
1.71938
2.3056
1.57606
2.39718
1.46364
2.46547
1.37825
2.51617
1.3147
2.55452
1.26782
2.58479
1.23314
2.61014
1.20711
2.63279
1.18709
2.65419
1.17115
2.67524
1.15794
2.69645
1.14654
2.71806
1.13634
2.74015
1.12692
2.76267
1.11806
2.78553
1.10958
2.80859
1.10141
2.83172
1.09351
2.85476
1.08586
2.87757
1.07845
2.90003
1.07131
2.922
1.06443
2.94338
1.05784
2.96407
1.05155
2.98397
1.04558
3.00301
1.03992
3.02111
1.0346
3.0382
1.02963
3.05423
1.02501
3.06914
1.02074
3.08287
1.01684
3.09539
1.01332
3.10665
1.01016
3.11661
1.00739
3.12522
1.005
3.13247
1.003
3.1383
1.00139
3.14271
1.00018
3.14565
0.999374
3.14713
0.998969
3.14713
0.998969
2.20176
1.67113
2.30944
1.54158
2.39149
1.4408
2.45299
1.36451
2.49932
1.30765
2.5352
1.26544
2.56437
1.23389
2.58954
1.20987
2.61261
1.19106
2.63477
1.17578
2.65678
1.16286
2.67901
1.15152
2.70165
1.14123
2.72472
1.13165
2.74816
1.12257
2.77188
1.11386
2.79572
1.10546
2.81956
1.09732
2.84324
1.08945
2.86663
1.08185
2.8896
1.07451
2.91204
1.06747
2.93384
1.06072
2.95491
1.05429
2.97515
1.04819
2.99449
1.04243
3.01285
1.03701
3.03019
1.03194
3.04643
1.02724
3.06153
1.02291
3.07543
1.01894
3.0881
1.01536
3.09949
1.01216
3.10956
1.00934
3.11827
1.00692
3.12559
1.00489
3.13148
1.00326
3.13593
1.00204
3.13891
1.00122
3.1404
1.00081
3.1404
1.00081
2.21256
1.63031
2.30975
1.51307
2.38381
1.4224
2.43979
1.35385
2.4827
1.3026
2.51675
1.26427
2.54523
1.23528
2.57047
1.21288
2.59407
1.19501
2.61704
1.18022
2.63997
1.1675
2.66318
1.15616
2.68678
1.14576
2.71077
1.136
2.73507
1.1267
2.75957
1.11776
2.78414
1.10913
2.80862
1.10078
2.83289
1.09271
2.85681
1.08491
2.88026
1.07741
2.90312
1.0702
2.9253
1.06332
2.94671
1.05676
2.96726
1.05054
2.98687
1.04467
3.00549
1.03916
3.02304
1.03401
3.03948
1.02924
3.05475
1.02484
3.06881
1.02082
3.08162
1.01718
3.09312
1.01394
3.10329
1.01109
3.11209
1.00863
3.11948
1.00658
3.12543
1.00493
3.12992
1.00369
3.13293
1.00286
3.13443
1.00244
3.13443
1.00244
2.21922
1.59588
2.30739
1.48954
2.37479
1.40762
2.42632
1.34565
2.46656
1.2991
2.49931
1.26399
2.5274
1.23711
2.55288
1.216
2.57709
1.19886
2.60087
1.18444
2.6247
1.17183
2.64884
1.16045
2.67334
1.14991
2.69818
1.13997
2.72328
1.13046
2.7485
1.12131
2.77373
1.11246
2.79881
1.10391
2.82361
1.09564
2.84801
1.08767
2.87189
1.08001
2.89515
1.07266
2.91768
1.06564
2.9394
1.05897
2.96022
1.05264
2.98009
1.04668
2.99893
1.04108
3.01669
1.03586
3.03331
1.03102
3.04874
1.02656
3.06294
1.02249
3.07587
1.01881
3.08748
1.01552
3.09775
1.01263
3.10662
1.01015
3.11408
1.00807
3.12008
1.0064
3.12461
1.00515
3.12764
1.00431
3.12916
1.00389
3.12916
1.00389
2.22261
1.5669
2.30308
1.47014
2.36495
1.39577
2.41289
1.3394
2.4511
1.29681
2.48293
1.26437
2.51089
1.23921
2.53672
1.21914
2.56158
1.20258
2.58616
1.18841
2.61087
1.17586
2.63587
1.16441
2.66122
1.15372
2.68685
1.14359
2.71267
1.13388
2.73857
1.12451
2.76439
1.11547
2.79002
1.10673
2.81531
1.09829
2.84016
1.09015
2.86443
1.08234
2.88804
1.07486
2.91089
1.06772
2.9329
1.06094
2.95398
1.05452
2.97408
1.04847
2.99313
1.04279
3.01107
1.0375
3.02785
1.0326
3.04343
1.02808
3.05776
1.02396
3.0708
1.02024
3.08251
1.01692
3.09286
1.014
3.10181
1.01149
3.10932
1.00939
3.11537
1.00771
3.11994
1.00644
3.12299
1.00559
3.12452
1.00517
3.12452
1.00517
2.22345
1.54254
2.29738
1.45418
2.35469
1.38631
2.39977
1.33471
2.43643
1.29544
2.46766
1.26522
2.49565
1.24147
2.52192
1.22223
2.54745
1.20611
2.57282
1.19212
2.59835
1.17958
2.62418
1.16804
2.6503
1.1572
2.67666
1.14688
2.70316
1.13697
2.72967
1.12741
2.75605
1.11818
2.78217
1.10926
2.80791
1.10065
2.83316
1.09237
2.8578
1.08443
2.88173
1.07682
2.90487
1.06958
2.92714
1.06269
2.94846
1.05618
2.96876
1.05005
2.988
1.04431
3.00611
1.03895
3.02304
1.03399
3.03876
1.02943
3.05321
1.02527
3.06635
1.02151
3.07815
1.01815
3.08858
1.0152
3.09759
1.01267
3.10516
1.01055
3.11125
1.00885
3.11585
1.00757
3.11892
1.00672
3.12047
1.00629
3.12047
1.00629
2.22236
1.52207
2.29076
1.44105
2.34431
1.37878
2.38712
1.33123
2.42262
1.29477
2.45349
1.2664
2.48165
1.2438
2.50841
1.22523
2.53461
1.20945
2.56074
1.19557
2.58706
1.183
2.61364
1.17135
2.64049
1.16035
2.66753
1.14985
2.69464
1.13976
2.72171
1.13002
2.7486
1.12061
2.77518
1.11153
2.80133
1.10277
2.82695
1.09435
2.85191
1.08628
2.87614
1.07857
2.89955
1.07122
2.92206
1.06425
2.94359
1.05765
2.96409
1.05145
2.9835
1.04564
3.00176
1.04023
3.01883
1.03522
3.03467
1.03061
3.04922
1.02641
3.06246
1.02261
3.07435
1.01923
3.08485
1.01625
3.09392
1.0137
3.10154
1.01156
3.10767
1.00985
3.11229
1.00856
3.11539
1.0077
3.11694
1.00726
3.11694
1.00726
2.21984
1.50487
2.28357
1.43026
2.33405
1.37281
2.37505
1.32871
2.40971
1.29461
2.44041
1.26778
2.46882
1.24613
2.49611
1.2281
2.52297
1.21256
2.54983
1.19875
2.57688
1.18614
2.60418
1.17437
2.6317
1.16321
2.65936
1.15254
2.68704
1.14227
2.71462
1.13236
2.74197
1.12279
2.76897
1.11355
2.7955
1.10466
2.82144
1.09611
2.84672
1.08793
2.87122
1.08011
2.89487
1.07267
2.91759
1.06561
2.93932
1.05895
2.95999
1.05268
2.97956
1.04681
2.99796
1.04135
3.01516
1.03629
3.03111
1.03164
3.04576
1.0274
3.05909
1.02357
3.07105
1.02016
3.08161
1.01716
3.09074
1.01459
3.09841
1.01244
3.10457
1.01071
3.10923
1.00941
3.11234
1.00854
3.1139
1.00811
3.1139
1.00811
2.21628
1.49042
2.2761
1.42139
2.32405
1.3681
2.36365
1.32694
2.39772
1.29484
2.42837
1.26929
2.45711
1.24842
2.48493
1.23081
2.51245
1.21546
2.53999
1.20168
2.56773
1.189
2.59569
1.1771
2.62383
1.16579
2.65206
1.15496
2.68026
1.14452
2.70831
1.13445
2.73609
1.12473
2.76347
1.11535
2.79034
1.10633
2.81659
1.09767
2.84214
1.08938
2.86689
1.08147
2.89076
1.07394
2.91368
1.06681
2.93559
1.06008
2.95643
1.05375
2.97613
1.04783
2.99467
1.04232
3.01198
1.03722
3.02803
1.03253
3.04278
1.02826
3.05618
1.0244
3.06821
1.02097
3.07884
1.01795
3.08801
1.01536
3.09572
1.01319
3.10192
1.01145
3.1066
1.01014
3.10972
1.00927
3.11129
1.00883
3.11129
1.00883
2.21201
1.47826
2.26855
1.41411
2.31446
1.36439
2.35296
1.32575
2.38662
1.29533
2.41735
1.27086
2.44645
1.25063
2.47481
1.23335
2.50294
1.21813
2.53114
1.20436
2.55952
1.19159
2.58809
1.17957
2.6168
1.16812
2.64555
1.15712
2.67423
1.14653
2.70272
1.13631
2.73088
1.12645
2.75861
1.11695
2.78579
1.10781
2.81233
1.09904
2.83813
1.09066
2.8631
1.08266
2.88718
1.07506
2.91028
1.06786
2.93235
1.06107
2.95333
1.05468
2.97318
1.04871
2.99183
1.04316
3.00924
1.03802
3.02539
1.0333
3.04022
1.029
3.0537
1.02511
3.06579
1.02165
3.07647
1.01862
3.08569
1.01601
3.09343
1.01383
3.09967
1.01208
3.10436
1.01076
3.10751
1.00988
3.10908
1.00944
3.10908
1.00944
2.2073
1.46804
2.26109
1.40812
2.30533
1.36149
2.34299
1.325
2.37641
1.29601
2.40728
1.27244
2.43677
1.25273
2.46566
1.23571
2.49439
1.22059
2.52319
1.20679
2.55217
1.19394
2.58131
1.1818
2.61054
1.1702
2.63978
1.15906
2.66889
1.14832
2.69777
1.13796
2.72629
1.12797
2.75434
1.11835
2.78181
1.10911
2.8086
1.10025
2.83463
1.09177
2.85981
1.0837
2.88407
1.07603
2.90734
1.06877
2.92956
1.06192
2.95067
1.05549
2.97063
1.04947
2.98939
1.04388
3.00691
1.0387
3.02313
1.03395
3.03804
1.02962
3.05159
1.02572
3.06374
1.02224
3.07446
1.01919
3.08373
1.01656
3.09151
1.01437
3.09777
1.01261
3.10249
1.01129
3.10564
1.0104
3.10723
1.00996
3.10723
1.00996
2.20235
1.45942
2.25383
1.4032
2.29673
1.35923
2.33375
1.32458
2.36704
1.29681
2.39811
1.27399
2.428
1.25471
2.4574
1.2379
2.48669
1.22283
2.51607
1.209
2.5456
1.19606
2.57526
1.1838
2.60498
1.17206
2.63466
1.16078
2.66417
1.14991
2.69341
1.13943
2.72225
1.12932
2.75059
1.11959
2.77832
1.11025
2.80535
1.1013
2.83159
1.09275
2.85695
1.0846
2.88138
1.07687
2.9048
1.06955
2.92716
1.06265
2.9484
1.05617
2.96847
1.05012
2.98733
1.04449
3.00493
1.03928
3.02124
1.03451
3.03621
1.03015
3.04982
1.02623
3.06202
1.02273
3.07279
1.01966
3.0821
1.01702
3.08991
1.01482
3.09619
1.01305
3.10093
1.01172
3.1041
1.01083
3.10569
1.01039
3.10569
1.01039
2.1973
1.45216
2.24687
1.39915
2.28868
1.35749
2.32523
1.32442
2.35847
1.29768
2.38978
1.27549
2.42008
1.25655
2.44998
1.2399
2.4798
1.22487
2.50971
1.21099
2.53975
1.19796
2.56989
1.18558
2.60005
1.17372
2.63013
1.16231
2.66001
1.15132
2.68958
1.14072
2.71872
1.1305
2.74732
1.12067
2.77529
1.11124
2.80253
1.10221
2.82896
1.09359
2.8545
1.08538
2.87908
1.07759
2.90264
1.07022
2.92512
1.06327
2.94647
1.05675
2.96664
1.05067
2.98559
1.045
3.00327
1.03977
3.01965
1.03497
3.03469
1.03059
3.04835
1.02665
3.0606
1.02313
3.07142
1.02005
3.08076
1.0174
3.08859
1.01519
3.0949
1.01341
3.09966
1.01208
3.10284
1.01119
3.10443
1.01074
3.10443
1.01074
2.19229
1.44602
2.24026
1.39581
2.28119
1.35615
2.31741
1.32444
2.35067
1.29857
2.38224
1.27692
2.41294
1.25827
2.44331
1.24174
2.47363
1.22672
2.50403
1.21279
2.53454
1.19967
2.56512
1.18717
2.59569
1.1752
2.62614
1.16367
2.65636
1.15256
2.68622
1.14185
2.71563
1.13153
2.74448
1.12162
2.77266
1.1121
2.8001
1.103
2.8267
1.09431
2.8524
1.08604
2.87712
1.0782
2.90081
1.07078
2.9234
1.0638
2.94486
1.05724
2.96512
1.05112
2.98415
1.04543
3.0019
1.04017
3.01834
1.03535
3.03344
1.03095
3.04715
1.02699
3.05945
1.02346
3.0703
1.02037
3.07967
1.01771
3.08754
1.01548
3.09387
1.0137
3.09864
1.01236
3.10183
1.01147
3.10343
1.01102
3.10343
1.01102
2.18739
1.44082
2.23404
1.39307
2.27427
1.35514
2.31025
1.32459
2.34359
1.29947
2.37543
1.27826
2.40652
1.25984
2.43733
1.2434
2.46812
1.22839
2.49898
1.2144
2.52992
1.20119
2.56091
1.18859
2.59185
1.1765
2.62264
1.16486
2.65316
1.15364
2.6833
1.14284
2.71295
1.13243
2.74202
1.12243
2.7704
1.11285
2.79801
1.10368
2.82478
1.09493
2.85061
1.08661
2.87547
1.07872
2.89927
1.07126
2.92197
1.06424
2.94351
1.05765
2.96386
1.0515
2.98296
1.04579
3.00078
1.0405
3.01728
1.03566
3.03243
1.03125
3.04619
1.02727
3.05853
1.02372
3.06941
1.02062
3.07882
1.01795
3.0867
1.01572
3.09305
1.01393
3.09784
1.01259
3.10104
1.01169
3.10264
1.01124
3.10264
1.01124
2.18269
1.43642
2.22823
1.3908
2.26791
1.35437
2.30373
1.32483
2.33718
1.30035
2.3693
1.27951
2.40077
1.26128
2.432
1.24491
2.46321
1.22988
2.49449
1.21584
2.52584
1.20254
2.5572
1.18984
2.58847
1.17765
2.61957
1.16591
2.65036
1.15459
2.68076
1.1437
2.71063
1.13321
2.7399
1.12314
2.76846
1.11349
2.79624
1.10426
2.82314
1.09546
2.84911
1.08709
2.87408
1.07915
2.89799
1.07166
2.92078
1.0646
2.94241
1.05799
2.96283
1.05181
2.982
1.04607
2.99988
1.04077
3.01644
1.0359
3.03163
1.03148
3.04543
1.02748
3.05781
1.02393
3.06873
1.02081
3.07816
1.01813
3.08607
1.0159
3.09243
1.0141
3.09723
1.01276
3.10044
1.01186
3.10205
1.0114
3.10205
1.0114
2.17822
1.43268
2.22284
1.38893
2.26208
1.3538
2.29781
1.32513
2.3314
1.30119
2.36379
1.28066
2.39562
1.26259
2.42724
1.24627
2.45885
1.23122
2.49052
1.21712
2.52223
1.20373
2.55393
1.19094
2.58552
1.17865
2.61689
1.16682
2.64794
1.15542
2.67856
1.14444
2.70864
1.13388
2.73809
1.12374
2.76681
1.11403
2.79473
1.10475
2.82177
1.0959
2.84786
1.08749
2.87293
1.07952
2.89693
1.07199
2.91981
1.0649
2.94152
1.05826
2.96201
1.05206
2.98124
1.0463
2.99918
1.04098
3.01578
1.0361
3.03102
1.03165
3.04486
1.02765
3.05727
1.02408
3.06822
1.02096
3.07767
1.01827
3.0856
1.01603
3.09198
1.01423
3.09679
1.01288
3.10001
1.01198
3.10162
1.01152
3.10162
1.01152
2.17401
1.4295
2.21787
1.38738
2.25677
1.35338
2.29245
1.32545
2.32619
1.30198
2.35886
1.28172
2.39102
1.26377
2.42301
1.24749
2.45499
1.23241
2.48701
1.21825
2.51906
1.20479
2.55106
1.19191
2.58293
1.17954
2.61456
1.16762
2.64584
1.15614
2.67667
1.14508
2.70693
1.13446
2.73655
1.12426
2.76542
1.11449
2.79347
1.10516
2.82063
1.09627
2.84682
1.08782
2.87199
1.07981
2.89608
1.07225
2.91903
1.06514
2.94081
1.05847
2.96136
1.05225
2.98065
1.04647
2.99864
1.04114
3.01529
1.03624
3.03057
1.03179
3.04444
1.02777
3.05688
1.0242
3.06785
1.02106
3.07733
1.01837
3.08528
1.01612
3.09167
1.01432
3.09649
1.01296
3.09972
1.01206
3.10133
1.0116
3.10133
1.0116
2.17009
1.42679
2.21332
1.38609
2.25196
1.35308
2.28763
1.3258
2.32153
1.30272
2.35446
1.28268
2.38694
1.26483
2.41926
1.24857
2.45158
1.23347
2.48393
1.21925
2.51628
1.20572
2.54856
1.19276
2.58069
1.1803
2.61255
1.16831
2.64403
1.15676
2.67504
1.14564
2.70548
1.13495
2.73524
1.12469
2.76425
1.11488
2.79242
1.1055
2.81968
1.09657
2.84597
1.08809
2.87123
1.08005
2.8954
1.07246
2.91842
1.06533
2.94026
1.05864
2.96087
1.0524
2.98021
1.0466
2.99824
1.04125
3.01493
1.03634
3.03025
1.03188
3.04415
1.02785
3.05662
1.02427
3.06761
1.02113
3.07711
1.01843
3.08508
1.01618
3.09148
1.01437
3.09631
1.01301
3.09955
1.01211
3.10116
1.01165
3.10116
1.01165
2.16647
1.42448
2.20918
1.38503
2.24761
1.35286
2.28331
1.32614
2.31737
1.3034
2.35055
1.28355
2.38332
1.26578
2.41595
1.24953
2.44858
1.23441
2.48122
1.22013
2.51385
1.20653
2.54639
1.1935
2.57874
1.18097
2.61081
1.1689
2.64248
1.15729
2.67366
1.14611
2.70425
1.13536
2.73414
1.12506
2.76327
1.1152
2.79155
1.10578
2.81891
1.09682
2.84529
1.0883
2.87063
1.08024
2.89486
1.07263
2.91795
1.06547
2.93985
1.05877
2.96051
1.05251
2.97989
1.0467
2.99796
1.04133
3.01469
1.03641
3.03004
1.03194
3.04397
1.02791
3.05646
1.02431
3.06748
1.02117
3.07699
1.01846
3.08498
1.0162
3.0914
1.01439
3.09623
1.01303
3.09947
1.01213
3.10109
1.01167
3.10109
1.01167
2.16315
1.42251
2.20543
1.38414
2.24371
1.35271
2.27945
1.32647
2.31367
1.30402
2.34708
1.28432
2.38013
1.26663
2.41304
1.25039
2.44595
1.23523
2.47886
1.2209
2.51173
1.20724
2.5445
1.19414
2.57706
1.18154
2.60932
1.16942
2.64116
1.15774
2.67249
1.1465
2.70321
1.13571
2.73323
1.12536
2.76247
1.11546
2.79084
1.10601
2.81829
1.09702
2.84475
1.08848
2.87015
1.08039
2.89445
1.07276
2.9176
1.06558
2.93954
1.05886
2.96025
1.05258
2.97968
1.04676
2.99779
1.04139
3.01455
1.03646
3.02992
1.03197
3.04388
1.02793
3.0564
1.02433
3.06743
1.02118
3.07696
1.01847
3.08496
1.01621
3.09139
1.0144
3.09623
1.01303
3.09948
1.01212
3.1011
1.01167
3.1011
1.01167
2.16014
1.42083
2.20206
1.3834
2.24023
1.35261
2.27602
1.32678
2.3104
1.30458
2.34403
1.28502
2.37732
1.26737
2.41049
1.25113
2.44365
1.23594
2.4768
1.22157
2.5099
1.20785
2.54287
1.19469
2.57562
1.18204
2.60804
1.16985
2.64004
1.15812
2.6715
1.14684
2.70234
1.136
2.73247
1.12562
2.76181
1.11568
2.79027
1.1062
2.8178
1.09718
2.84432
1.08861
2.86979
1.0805
2.89415
1.07285
2.91734
1.06566
2.93934
1.05892
2.96008
1.05263
2.97955
1.0468
2.99769
1.04142
3.01448
1.03648
3.02988
1.03198
3.04386
1.02794
3.0564
1.02433
3.06745
1.02118
3.077
1.01846
3.085
1.0162
3.09144
1.01438
3.0963
1.01302
3.09954
1.01211
3.10117
1.01165
3.10117
1.01165
2.15743
1.4194
2.19906
1.38278
2.23715
1.35255
2.27299
1.32707
2.30752
1.30508
2.34135
1.28563
2.37487
1.26803
2.40827
1.25179
2.44166
1.23657
2.47502
1.22215
2.50832
1.20838
2.54148
1.19517
2.57439
1.18246
2.60696
1.17022
2.63909
1.15844
2.67068
1.14712
2.70163
1.13625
2.73185
1.12582
2.76127
1.11586
2.78981
1.10635
2.81741
1.0973
2.844
1.08872
2.86952
1.08059
2.89393
1.07292
2.91717
1.06571
2.9392
1.05896
2.95999
1.05266
2.97948
1.04682
2.99766
1.04143
3.01447
1.03648
3.0299
1.03198
3.0439
1.02793
3.05645
1.02432
3.06752
1.02116
3.07708
1.01844
3.08509
1.01617
3.09154
1.01435
3.0964
1.01299
3.09966
1.01207
3.10128
1.01162
3.10128
1.01162
2.15501
1.41818
2.19641
1.38227
2.23443
1.35251
2.27034
1.32733
2.30501
1.30552
2.33902
1.28616
2.37274
1.26859
2.40635
1.25235
2.43994
1.23711
2.47349
1.22265
2.50697
1.20883
2.54029
1.19557
2.57335
1.18281
2.60605
1.17053
2.6383
1.15871
2.66999
1.14735
2.70104
1.13644
2.73135
1.12599
2.76084
1.116
2.78945
1.10647
2.81711
1.0974
2.84376
1.08879
2.86933
1.08065
2.89378
1.07297
2.91706
1.06575
2.93913
1.05898
2.95995
1.05268
2.97947
1.04682
2.99767
1.04142
3.01451
1.03647
3.02995
1.03196
3.04398
1.0279
3.05654
1.02429
3.06763
1.02113
3.07719
1.01841
3.08522
1.01614
3.09168
1.01431
3.09654
1.01295
3.0998
1.01203
3.10143
1.01158
3.10143
1.01158
2.15288
1.41716
2.19409
1.38185
2.23208
1.35249
2.26804
1.32757
2.30284
1.30591
2.33702
1.28662
2.37091
1.26908
2.40471
1.25283
2.43847
1.23757
2.47219
1.22307
2.50583
1.20921
2.53928
1.19591
2.57247
1.18311
2.60529
1.17079
2.63765
1.15894
2.66943
1.14754
2.70056
1.13661
2.73094
1.12613
2.76051
1.11611
2.78918
1.10656
2.81689
1.09747
2.84358
1.08885
2.86919
1.08069
2.89369
1.073
2.917
1.06576
2.9391
1.05899
2.95995
1.05268
2.9795
1.04682
2.99772
1.04141
3.01458
1.03645
3.03004
1.03194
3.04408
1.02788
3.05666
1.02426
3.06775
1.02109
3.07733
1.01837
3.08537
1.01609
3.09183
1.01427
3.0967
1.0129
3.09996
1.01199
3.10159
1.01153
3.10159
1.01153
2.15104
1.4163
2.19209
1.3815
2.23005
1.35248
2.26608
1.32777
2.30099
1.30624
2.33531
1.28702
2.36936
1.2695
2.40331
1.25324
2.43723
1.23795
2.4711
1.22343
2.50486
1.20953
2.53845
1.19619
2.57175
1.18336
2.60467
1.17101
2.63711
1.15912
2.66897
1.1477
2.70017
1.13674
2.73062
1.12623
2.76024
1.1162
2.78896
1.10663
2.81672
1.09753
2.84345
1.08889
2.86911
1.08072
2.89363
1.07301
2.91698
1.06577
2.93911
1.05899
2.95997
1.05267
2.97955
1.0468
2.99779
1.04139
3.01466
1.03642
3.03014
1.03191
3.04419
1.02784
3.05679
1.02422
3.06789
1.02105
3.07748
1.01833
3.08552
1.01605
3.09199
1.01423
3.09686
1.01286
3.10013
1.01194
3.10176
1.01149
3.10176
1.01149
2.14947
1.41559
2.1904
1.38121
2.22834
1.35248
2.26443
1.32795
2.29943
1.30652
2.33388
1.28735
2.36806
1.26985
2.40215
1.25359
2.4362
1.23827
2.47019
1.22372
2.50407
1.2098
2.53776
1.19643
2.57115
1.18356
2.60416
1.17118
2.63667
1.15927
2.66861
1.14782
2.69987
1.13684
2.73037
1.12632
2.76004
1.11627
2.78881
1.10668
2.8166
1.09756
2.84337
1.08892
2.86906
1.08074
2.89361
1.07302
2.91698
1.06577
2.93913
1.05898
2.96002
1.05265
2.97961
1.04678
2.99787
1.04136
3.01476
1.0364
3.03025
1.03188
3.04431
1.02781
3.05692
1.02419
3.06803
1.02101
3.07762
1.01828
3.08567
1.01601
3.09215
1.01418
3.09702
1.01281
3.10029
1.0119
3.10192
1.01144
3.10192
1.01144
2.14817
1.41502
2.189
1.38098
2.22694
1.35248
2.26307
1.3281
2.29816
1.30675
2.33271
1.28762
2.36701
1.27013
2.40121
1.25386
2.43536
1.23854
2.46946
1.22396
2.50343
1.21001
2.5372
1.19661
2.57068
1.18373
2.60375
1.17132
2.63633
1.15939
2.66832
1.14792
2.69963
1.13692
2.73018
1.12638
2.75989
1.11632
2.78869
1.10672
2.81652
1.09759
2.84332
1.08893
2.86903
1.08074
2.8936
1.07302
2.917
1.06577
2.93917
1.05897
2.96007
1.05264
2.97968
1.04676
2.99795
1.04134
3.01485
1.03637
3.03035
1.03185
3.04443
1.02778
3.05704
1.02415
3.06816
1.02097
3.07776
1.01825
3.08581
1.01597
3.09229
1.01414
3.09717
1.01277
3.10044
1.01186
3.10207
1.0114
3.10207
1.0114
2.14714
1.41458
2.1879
1.38081
2.22583
1.35248
2.262
1.32821
2.29716
1.30693
2.33179
1.28783
2.36618
1.27035
2.40047
1.25408
2.43471
1.23874
2.46889
1.22414
2.50294
1.21018
2.53677
1.19676
2.57031
1.18385
2.60344
1.17143
2.63607
1.15948
2.6681
1.14799
2.69945
1.13698
2.73004
1.12643
2.75978
1.11635
2.78861
1.10674
2.81646
1.09761
2.84328
1.08894
2.86901
1.08075
2.89361
1.07302
2.91702
1.06576
2.9392
1.05896
2.96012
1.05262
2.97974
1.04674
2.99802
1.04132
3.01494
1.03634
3.03045
1.03182
3.04453
1.02775
3.05715
1.02412
3.06827
1.02094
3.07788
1.01821
3.08593
1.01593
3.09242
1.01411
3.0973
1.01274
3.10057
1.01182
3.1022
1.01136
3.1022
1.01136
2.14637
1.41425
2.18708
1.38068
2.22501
1.35249
2.26121
1.3283
2.29642
1.30706
2.33111
1.28799
2.36556
1.27052
2.39992
1.25424
2.43423
1.23889
2.46847
1.22428
2.50257
1.2103
2.53646
1.19686
2.57004
1.18394
2.60321
1.1715
2.63588
1.15954
2.66795
1.14805
2.69933
1.13702
2.72994
1.12646
2.7597
1.11638
2.78855
1.10676
2.81643
1.09762
2.84326
1.08895
2.86901
1.08075
2.89362
1.07302
2.91704
1.06575
2.93924
1.05895
2.96017
1.05261
2.9798
1.04673
2.99809
1.0413
3.015
1.03632
3.03052
1.0318
3.04461
1.02772
3.05723
1.0241
3.06836
1.02092
3.07797
1.01819
3.08603
1.01591
3.09251
1.01408
3.0974
1.01271
3.10067
1.01179
3.10231
1.01133
3.10231
1.01133
2.14586
1.41403
2.18653
1.3806
2.22446
1.35249
2.26069
1.32836
2.29593
1.30715
2.33066
1.2881
2.36516
1.27063
2.39956
1.25435
2.43391
1.23899
2.46819
1.22437
2.50233
1.21038
2.53625
1.19694
2.56986
1.184
2.60306
1.17155
2.63576
1.15958
2.66784
1.14808
2.69924
1.13705
2.72987
1.12648
2.75965
1.11639
2.78852
1.10677
2.81641
1.09763
2.84325
1.08895
2.86901
1.08075
2.89363
1.07301
2.91706
1.06575
2.93926
1.05894
2.9602
1.0526
2.97983
1.04672
2.99813
1.04129
3.01505
1.03631
3.03058
1.03178
3.04467
1.02771
3.05729
1.02408
3.06843
1.0209
3.07804
1.01817
3.0861
1.01589
3.09258
1.01406
3.09747
1.01269
3.10074
1.01177
3.10238
1.01131
3.10238
1.01131
2.14561
1.41392
2.18626
1.38055
2.22419
1.35249
2.26043
1.32839
2.29569
1.3072
2.33044
1.28815
2.36496
1.27068
2.39938
1.2544
2.43375
1.23904
2.46805
1.22442
2.50221
1.21042
2.53615
1.19697
2.56977
1.18404
2.60299
1.17158
2.63569
1.1596
2.66779
1.1481
2.6992
1.13706
2.72984
1.12649
2.75963
1.1164
2.7885
1.10678
2.8164
1.09763
2.84325
1.08895
2.86901
1.08075
2.89364
1.07301
2.91707
1.06574
2.93928
1.05894
2.96022
1.0526
2.97985
1.04671
2.99815
1.04128
3.01508
1.0363
3.0306
1.03178
3.04469
1.0277
3.05732
1.02407
3.06846
1.02089
3.07807
1.01816
3.08613
1.01588
3.09262
1.01405
3.09751
1.01268
3.10078
1.01176
3.10241
1.0113
3.10241
1.0113
2.14561
1.41392
2.18626
1.38055
2.22419
1.35249
2.26042
1.32839
2.29569
1.3072
2.33044
1.28815
2.36496
1.27068
2.39938
1.2544
2.43375
1.23904
2.46805
1.22442
2.50221
1.21042
2.53615
1.19697
2.56978
1.18403
2.60299
1.17158
2.63569
1.1596
2.66779
1.1481
2.6992
1.13706
2.72984
1.12649
2.75963
1.1164
2.7885
1.10678
2.8164
1.09763
2.84325
1.08895
2.86901
1.08075
2.89364
1.07301
2.91707
1.06574
2.93928
1.05894
2.96022
1.0526
2.97985
1.04671
2.99815
1.04128
3.01508
1.0363
3.0306
1.03178
3.04469
1.0277
3.05732
1.02407
3.06846
1.02089
3.07807
1.01816
3.08613
1.01588
3.09262
1.01405
3.09751
1.01268
3.10077
1.01176
3.10241
1.0113
3.10241
1.0113
