0.261
1.98813
0.261
1.98813
0.261086
1.99191
0.261258
1.99946
0.261515
2.01075
0.261858
2.02572
0.262287
2.04432
0.262802
2.0665
0.263405
2.09216
0.264095
2.12126
0.264875
2.15371
0.265745
2.18943
0.266708
2.22835
0.267766
2.2704
0.268922
2.31549
0.270179
2.36355
0.271541
2.41447
0.273011
2.46819
0.274594
2.52459
0.276295
2.58359
0.27812
2.64508
0.280075
2.70895
0.282166
2.77508
0.284402
2.84337
0.286789
2.91369
0.289339
2.98591
0.292061
3.0599
0.294966
3.13552
0.298068
3.21264
0.301381
3.2911
0.304921
3.37075
0.308706
3.45144
0.312757
3.53301
0.317096
3.61528
0.32175
3.6981
0.326747
3.78127
0.332122
3.86462
0.337913
3.94795
0.344163
4.03107
0.350922
4.11376
0.358248
4.1958
0.261
1.98813
0.261
1.98813
0.261086
1.99191
0.261258
1.99946
0.261515
2.01075
0.261858
2.02572
0.262287
2.04432
0.262802
2.0665
0.263405
2.09216
0.264095
2.12126
0.264875
2.15371
0.265745
2.18943
0.266708
2.22835
0.267766
2.2704
0.268922
2.31549
0.270179
2.36355
0.271541
2.41447
0.273011
2.46819
0.274594
2.52459
0.276295
2.58359
0.27812
2.64508
0.280075
2.70895
0.282166
2.77508
0.284402
2.84337
0.286789
2.91369
0.289339
2.98591
0.292061
3.0599
0.294966
3.13552
0.298068
3.21264
0.301381
3.2911
0.304921
3.37075
0.308706
3.45144
0.312757
3.53301
0.317096
3.61528
0.32175
3.6981
0.326747
3.78127
0.332122
3.86462
0.337913
3.94795
0.344163
4.03107
0.350922
4.11376
0.358248
4.1958
0.261037
1.98865
0.261037
1.98865
0.261123
1.99244
0.261294
1.99999
0.261552
2.01127
0.261895
2.02624
0.262325
2.04484
0.26284
2.06701
0.263443
2.09268
0.264135
2.12177
0.264915
2.15422
0.265786
2.18994
0.26675
2.22886
0.267809
2.2709
0.268967
2.31599
0.270225
2.36404
0.271588
2.41496
0.27306
2.46867
0.274646
2.52507
0.276349
2.58406
0.278176
2.64554
0.280134
2.7094
0.282228
2.77553
0.284466
2.84381
0.286858
2.91412
0.289411
2.98633
0.292138
3.06031
0.295048
3.13591
0.298156
3.21301
0.301475
3.29146
0.305022
3.37109
0.308815
3.45177
0.312874
3.53331
0.317224
3.61557
0.321889
3.69836
0.3269
3.78151
0.332289
3.86482
0.338097
3.94812
0.344366
4.0312
0.351148
4.11385
0.3585
4.19585
0.26111
1.9897
0.26111
1.9897
0.261196
1.99348
0.261368
2.00103
0.261625
2.01231
0.26197
2.02728
0.2624
2.04588
0.262917
2.06804
0.263521
2.09371
0.264213
2.12279
0.264995
2.15523
0.265868
2.19095
0.266834
2.22986
0.267896
2.2719
0.269056
2.31698
0.270317
2.36502
0.271684
2.41593
0.273159
2.46963
0.274748
2.52601
0.276456
2.58499
0.278288
2.64646
0.280251
2.71031
0.282351
2.77642
0.284596
2.84468
0.286995
2.91497
0.289557
2.98716
0.292292
3.06111
0.295212
3.1367
0.298331
3.21377
0.301663
3.29218
0.305224
3.37178
0.309033
3.45242
0.31311
3.53393
0.31748
3.61614
0.322168
3.69888
0.327205
3.78197
0.332625
3.86523
0.338466
3.94846
0.344775
4.03146
0.351602
4.11402
0.359006
4.19593
0.261219
1.99125
0.261219
1.99125
0.261305
1.99504
0.261477
2.00258
0.261736
2.01386
0.262081
2.02883
0.262513
2.04742
0.263031
2.06958
0.263637
2.09524
0.264332
2.12432
0.265116
2.15675
0.265992
2.19246
0.266961
2.23136
0.268026
2.27339
0.26919
2.31845
0.270455
2.36648
0.271827
2.41738
0.273307
2.47106
0.274902
2.52743
0.276617
2.58639
0.278456
2.64783
0.280427
2.71166
0.282536
2.77774
0.284791
2.84598
0.287201
2.91624
0.289774
2.98839
0.292523
3.06231
0.295459
3.13786
0.298594
3.21489
0.301945
3.29326
0.305528
3.37281
0.309361
3.45339
0.313465
3.53484
0.317865
3.61698
0.322588
3.69965
0.327664
3.78266
0.333129
3.86583
0.339022
3.94895
0.34539
4.03184
0.352285
4.11428
0.35977
4.19604
0.261364
1.99332
0.261364
1.99332
0.26145
1.9971
0.261623
2.00464
0.261883
2.01592
0.262229
2.03088
0.262663
2.04947
0.263183
2.07162
0.263792
2.09727
0.264489
2.12634
0.265276
2.15876
0.266156
2.19446
0.267129
2.23335
0.268199
2.27536
0.269368
2.32041
0.270639
2.36842
0.272017
2.4193
0.273505
2.47295
0.275108
2.5293
0.276831
2.58823
0.27868
2.64965
0.280661
2.71345
0.282782
2.7795
0.28505
2.8477
0.287475
2.91792
0.290065
2.99003
0.292832
3.0639
0.295788
3.1394
0.298946
3.21637
0.302322
3.29468
0.305933
3.37417
0.309798
3.45467
0.313939
3.53604
0.318381
3.61809
0.32315
3.70066
0.328279
3.78356
0.333805
3.8666
0.339768
3.9496
0.346216
4.03233
0.353204
4.11459
0.360795
4.19616
0.261544
1.99588
0.261544
1.99588
0.261631
1.99966
0.261805
2.00721
0.262066
2.01848
0.262414
2.03343
0.26285
2.05201
0.263373
2.07416
0.263984
2.0998
0.264685
2.12886
0.265477
2.16126
0.266361
2.19694
0.267339
2.23582
0.268415
2.27781
0.26959
2.32284
0.270869
2.37082
0.272254
2.42168
0.273751
2.47531
0.275364
2.53163
0.277098
2.59053
0.278959
2.65191
0.280954
2.71566
0.28309
2.78168
0.285375
2.84983
0.287818
2.92
0.290428
2.99206
0.293218
3.06587
0.2962
3.1413
0.299387
3.21821
0.302795
3.29644
0.306442
3.37584
0.310348
3.45625
0.314534
3.53752
0.319027
3.61946
0.323856
3.7019
0.329053
3.78466
0.334655
3.86755
0.340706
3.95037
0.347256
4.03291
0.354362
4.11495
0.36209
4.19626
0.261761
1.99894
0.261761
1.99894
0.261848
2.00272
0.262023
2.01025
0.262286
2.02152
0.262636
2.03647
0.263074
2.05504
0.2636
2.07718
0.264215
2.1028
0.26492
2.13185
0.265717
2.16424
0.266606
2.1999
0.267591
2.23875
0.268673
2.28072
0.269857
2.32573
0.271144
2.37369
0.272539
2.42451
0.274047
2.47811
0.275672
2.53439
0.277419
2.59325
0.279295
2.65459
0.281306
2.7183
0.28346
2.78426
0.285764
2.85236
0.28823
2.92247
0.290865
2.99447
0.293683
3.06821
0.296695
3.14356
0.299917
3.22038
0.303364
3.29852
0.307054
3.37782
0.311009
3.45812
0.315252
3.53926
0.319808
3.62106
0.324709
3.70335
0.329988
3.78594
0.335684
3.86864
0.341843
3.95125
0.348518
4.03355
0.355768
4.11532
0.363665
4.19633
0.262013
2.00247
0.262013
2.00247
0.262101
2.00625
0.262277
2.01378
0.262541
2.02504
0.262894
2.03998
0.263334
2.05854
0.263864
2.08067
0.264484
2.10628
0.265194
2.13531
0.265996
2.16768
0.266892
2.20332
0.267884
2.24215
0.268975
2.28409
0.270167
2.32907
0.271464
2.37699
0.272871
2.42778
0.274391
2.48134
0.27603
2.53758
0.277793
2.5964
0.279686
2.65769
0.281716
2.72134
0.283891
2.78725
0.28622
2.85528
0.288711
2.92532
0.291376
2.99724
0.294226
3.0709
0.297275
3.14616
0.300537
3.22288
0.30403
3.30091
0.307773
3.38008
0.311786
3.46025
0.316095
3.54124
0.320726
3.62288
0.325712
3.70499
0.331089
3.78738
0.336897
3.86986
0.343186
3.95221
0.35001
4.03423
0.357434
4.11568
0.365533
4.19633
0.2623
2.00647
0.2623
2.00647
0.262389
2.01025
0.262566
2.01778
0.262832
2.02903
0.263188
2.04396
0.263632
2.06251
0.264166
2.08462
0.26479
2.11021
0.265506
2.13922
0.266315
2.17157
0.267218
2.20719
0.268218
2.24599
0.269319
2.28791
0.270521
2.33285
0.271831
2.38074
0.27325
2.43149
0.274785
2.485
0.27644
2.54119
0.278221
2.59996
0.280133
2.66119
0.282186
2.72478
0.284385
2.79062
0.286741
2.85858
0.289262
2.92854
0.291961
3.00037
0.294849
3.07393
0.29794
3.14908
0.30125
3.22569
0.304796
3.30359
0.308599
3.38262
0.31268
3.46264
0.317066
3.54346
0.321785
3.62491
0.326871
3.70681
0.332362
3.78896
0.338302
3.87118
0.344742
3.95323
0.351742
4.03492
0.35937
4.11599
0.367709
4.19621
0.262623
2.01093
0.262623
2.01093
0.262712
2.0147
0.262891
2.02222
0.26316
2.03347
0.263518
2.04839
0.263966
2.06693
0.264505
2.08902
0.265134
2.1146
0.265857
2.14358
0.266673
2.17591
0.267585
2.2115
0.268594
2.25027
0.269705
2.29215
0.27092
2.33705
0.272243
2.3849
0.273677
2.4356
0.275228
2.48907
0.276901
2.54521
0.278702
2.60391
0.280638
2.66508
0.282715
2.7286
0.284942
2.79436
0.287329
2.86224
0.289885
2.9321
0.292622
3.00383
0.295553
3.07728
0.298693
3.15232
0.302057
3.22879
0.305664
3.30654
0.309536
3.38542
0.313695
3.46525
0.318169
3.54588
0.322989
3.62711
0.32819
3.70877
0.333814
3.79065
0.339906
3.87256
0.346522
3.95428
0.353727
4.03558
0.361595
4.11621
0.370215
4.19593
0.26298
2.01583
0.26298
2.01583
0.263071
2.0196
0.263251
2.02711
0.263523
2.03835
0.263884
2.05326
0.264337
2.07178
0.264881
2.09386
0.265517
2.11941
0.266246
2.14838
0.26707
2.18068
0.267992
2.21623
0.269012
2.25497
0.270135
2.29681
0.271363
2.34167
0.2727
2.38947
0.274151
2.44013
0.275721
2.49354
0.277415
2.54961
0.279239
2.60825
0.281199
2.66934
0.283305
2.73279
0.285564
2.79846
0.287985
2.86624
0.29058
2.936
0.293361
3.00762
0.296341
3.08094
0.299535
3.15584
0.30296
3.23216
0.306637
3.30975
0.310587
3.38845
0.314835
3.46808
0.31941
3.54848
0.324345
3.62947
0.329678
3.71085
0.335453
3.79243
0.34172
3.87399
0.34854
3.95531
0.355981
4.03617
0.364127
4.1163
0.373074
4.19543
0.263374
2.02116
0.263374
2.02116
0.263465
2.02492
0.263648
2.03243
0.263921
2.04366
0.264287
2.05856
0.264744
2.07706
0.265294
2.09912
0.265937
2.12465
0.266674
2.15359
0.267508
2.18586
0.268439
2.22138
0.269472
2.26008
0.270608
2.30188
0.271851
2.34669
0.273205
2.39444
0.274674
2.44504
0.276264
2.49839
0.277981
2.55439
0.27983
2.61296
0.281819
2.67397
0.283956
2.73732
0.28625
2.8029
0.28871
2.87057
0.291349
2.94022
0.294178
3.01171
0.297213
3.08489
0.300468
3.15964
0.303963
3.23579
0.307718
3.3132
0.311756
3.39169
0.316104
3.4711
0.320794
3.55125
0.32586
3.63195
0.331343
3.71302
0.33729
3.79425
0.343758
3.87541
0.35081
3.95629
0.358524
4.03664
0.36699
4.11619
0.376316
4.19465
0.263802
2.02691
0.263802
2.02691
0.263895
2.03067
0.264079
2.03817
0.264356
2.04939
0.264726
2.06427
0.265188
2.08276
0.265744
2.10479
0.266395
2.1303
0.267141
2.15921
0.267985
2.19144
0.268928
2.22693
0.269973
2.26558
0.271124
2.30734
0.272383
2.3521
0.273756
2.39979
0.275246
2.45032
0.276859
2.5036
0.2786
2.55954
0.280478
2.61802
0.282498
2.67894
0.28467
2.74219
0.287002
2.80766
0.289506
2.87522
0.292193
2.94474
0.295077
3.01608
0.298173
3.08912
0.301497
3.16369
0.305069
3.23966
0.308911
3.31686
0.313048
3.39512
0.317509
3.47427
0.322327
3.55414
0.327541
3.63454
0.333193
3.71525
0.339337
3.79608
0.346033
3.8768
0.353352
3.95717
0.361378
4.03694
0.370212
4.11582
0.379977
4.19352
0.264267
2.03306
0.264267
2.03306
0.26436
2.03682
0.264547
2.04431
0.264827
2.05552
0.265202
2.07038
0.26567
2.08885
0.266233
2.11086
0.266892
2.13634
0.267648
2.16522
0.268502
2.19742
0.269458
2.23286
0.270518
2.27147
0.271684
2.31317
0.272962
2.35788
0.274354
2.40551
0.275867
2.45597
0.277504
2.50918
0.279274
2.56503
0.281182
2.62342
0.283237
2.68424
0.285447
2.74739
0.287823
2.81273
0.290375
2.88016
0.293115
2.94954
0.296059
3.02073
0.299222
3.09359
0.302623
3.16798
0.306281
3.24374
0.31022
3.32071
0.314468
3.39871
0.319056
3.47759
0.324018
3.55714
0.329398
3.63718
0.335242
3.7175
0.341608
3.79789
0.348563
3.8781
0.356185
3.9579
0.364569
4.03701
0.373828
4.11513
0.384099
4.19195
0.264767
2.0396
0.264767
2.0396
0.264862
2.04336
0.265051
2.05084
0.265335
2.06204
0.265714
2.07688
0.266189
2.09533
0.266759
2.11732
0.267427
2.14277
0.268194
2.17161
0.26906
2.20377
0.27003
2.23916
0.271105
2.27773
0.272289
2.31937
0.273586
2.36401
0.275001
2.41158
0.276537
2.46196
0.278203
2.51509
0.280003
2.57085
0.281945
2.62914
0.284038
2.68985
0.28629
2.75288
0.288713
2.8181
0.291317
2.88538
0.294117
2.95461
0.297128
3.02562
0.300365
3.0983
0.30385
3.17248
0.307604
3.24801
0.311651
3.32472
0.316023
3.40245
0.320751
3.48101
0.325876
3.56021
0.331441
3.63986
0.337502
3.71974
0.344119
3.79962
0.351367
3.87927
0.359335
3.95841
0.368128
4.03677
0.377876
4.11403
0.388734
4.18984
0.265303
2.04652
0.265303
2.04652
0.265399
2.05027
0.265591
2.05775
0.265879
2.06893
0.266264
2.08376
0.266745
2.10219
0.267324
2.12414
0.268002
2.14956
0.26878
2.17836
0.26966
2.21048
0.270644
2.24583
0.271736
2.28433
0.272939
2.32592
0.274258
2.37049
0.275696
2.41798
0.277259
2.46829
0.278954
2.52132
0.280788
2.57698
0.282767
2.63516
0.284901
2.69576
0.2872
2.75866
0.289674
2.82374
0.292337
2.89087
0.295202
2.95992
0.298285
3.03075
0.301605
3.10321
0.305183
3.17717
0.309042
3.25244
0.31321
3.32887
0.317719
3.40629
0.322604
3.4845
0.327909
3.56332
0.333684
3.64253
0.339987
3.72191
0.346888
3.80123
0.35447
3.88024
0.362831
3.95865
0.372093
4.03616
0.382403
4.11243
0.393942
4.18707
0.265876
2.05381
0.265876
2.05381
0.265973
2.05755
0.266168
2.06502
0.26646
2.07618
0.266851
2.091
0.267339
2.1094
0.267927
2.13132
0.268616
2.1567
0.269406
2.18546
0.2703
2.21753
0.271301
2.25283
0.272411
2.29128
0.273635
2.33279
0.274976
2.3773
0.276441
2.42471
0.278033
2.47493
0.279761
2.52786
0.28163
2.58341
0.28365
2.64148
0.285829
2.70195
0.288178
2.76471
0.290709
2.82963
0.293435
2.89659
0.296371
2.96545
0.299535
3.03608
0.302946
3.10832
0.306626
3.18202
0.310602
3.25701
0.314903
3.33314
0.319564
3.41021
0.324624
3.48804
0.330131
3.56642
0.33614
3.64514
0.342716
3.72398
0.349937
3.80267
0.357897
3.88095
0.366707
3.95853
0.376507
4.03508
0.387465
4.11022
0.399795
4.18353
0.266485
2.06144
0.266485
2.06144
0.266584
2.06518
0.266782
2.07264
0.267079
2.08378
0.267476
2.09857
0.267972
2.11695
0.26857
2.13884
0.269269
2.16418
0.270073
2.1929
0.270982
2.22492
0.272001
2.26016
0.273131
2.29854
0.274377
2.33999
0.275744
2.38442
0.277236
2.43174
0.27886
2.48186
0.280622
2.53469
0.282531
2.59013
0.284595
2.64807
0.286823
2.7084
0.289227
2.771
0.29182
2.83575
0.294615
2.90253
0.297629
2.97119
0.300881
3.04159
0.304391
3.11358
0.308185
3.18701
0.312289
3.2617
0.316737
3.33748
0.321567
3.41418
0.326822
3.49158
0.332554
3.56948
0.338825
3.64766
0.345708
3.72588
0.353291
3.80387
0.361679
3.88134
0.371002
3.95798
0.38142
4.03343
0.393129
4.10727
0.406381
4.17904
0.267131
2.0694
0.267131
2.0694
0.267232
2.07314
0.267433
2.08058
0.267735
2.09171
0.268138
2.10648
0.268644
2.12482
0.269251
2.14668
0.269963
2.17198
0.270781
2.20065
0.271707
2.23262
0.272744
2.2678
0.273896
2.30611
0.275166
2.34748
0.27656
2.39182
0.278082
2.43905
0.27974
2.48907
0.281541
2.54179
0.283492
2.5971
0.285603
2.6549
0.287885
2.71508
0.290349
2.77752
0.293008
2.84209
0.295879
2.90866
0.298978
2.9771
0.302326
3.04726
0.305946
3.11898
0.309864
3.1921
0.31411
3.26646
0.31872
3.34188
0.323737
3.41815
0.329208
3.49508
0.335192
3.57246
0.341757
3.65003
0.348985
3.72756
0.356977
3.80476
0.365853
3.88132
0.375763
3.9569
0.386891
4.03109
0.399473
4.10345
0.413807
4.17343
0.267814
2.07768
0.267814
2.07768
0.267917
2.08141
0.268121
2.08884
0.268429
2.09995
0.26884
2.1147
0.269354
2.13301
0.269973
2.15483
0.270698
2.18009
0.271531
2.20871
0.272475
2.24061
0.273532
2.27573
0.274707
2.31397
0.276003
2.35526
0.277426
2.39951
0.278981
2.44663
0.280676
2.49654
0.282517
2.54913
0.284514
2.60431
0.286677
2.66197
0.289016
2.72198
0.291545
2.78424
0.294278
2.84861
0.297231
2.91497
0.300423
2.98317
0.303876
3.05306
0.307615
3.12448
0.311669
3.19728
0.316072
3.27128
0.320862
3.34628
0.326085
3.42209
0.331797
3.49851
0.338061
3.57529
0.344955
3.6522
0.352573
3.72896
0.361028
3.80528
0.370459
3.88081
0.381042
3.95517
0.392993
4.02794
0.406592
4.09858
0.422199
4.16649
0.268535
2.08626
0.268535
2.08626
0.268639
2.08998
0.268848
2.0974
0.269161
2.10849
0.26958
2.1232
0.270104
2.14149
0.270735
2.16327
0.271474
2.18848
0.272324
2.21704
0.273286
2.24889
0.274365
2.28393
0.275565
2.32209
0.276888
2.36329
0.278342
2.40745
0.279933
2.45446
0.281667
2.50425
0.283553
2.55671
0.2856
2.61175
0.287818
2.66924
0.29022
2.72908
0.292819
2.79115
0.295631
2.85531
0.298673
2.92143
0.301967
2.98936
0.305535
3.05896
0.309405
3.13007
0.313609
3.20251
0.318183
3.2761
0.323171
3.35066
0.328624
3.42597
0.334603
3.50181
0.34118
3.57795
0.348444
3.65411
0.3565
3.73002
0.36548
3.80533
0.375546
3.8797
0.386903
3.95269
0.399808
4.02382
0.414599
4.09248
0.431714
4.15796
0.269293
2.09511
0.269293
2.09511
0.2694
2.09882
0.269612
2.10623
0.269932
2.1173
0.270359
2.13199
0.270893
2.15023
0.271537
2.17197
0.272291
2.19713
0.273159
2.22564
0.274142
2.25742
0.275244
2.29239
0.27647
2.33046
0.277823
2.37157
0.279311
2.41562
0.280939
2.46252
0.282716
2.51218
0.284649
2.5645
0.286749
2.61938
0.289028
2.6767
0.291497
2.73636
0.294172
2.79821
0.29707
2.86214
0.30021
2.92801
0.303613
2.99566
0.307307
3.06495
0.31132
3.1357
0.315688
3.20775
0.320452
3.28091
0.325658
3.35497
0.331366
3.42973
0.337642
3.50494
0.34457
3.58036
0.352248
3.65569
0.3608
3.73064
0.370378
3.80484
0.38117
3.87789
0.39342
3.94931
0.407438
4.01855
0.423631
4.08491
0.442544
4.14755
0.27009
2.10423
0.27009
2.10423
0.270198
2.10793
0.270416
2.11532
0.270742
2.12637
0.271177
2.14103
0.271723
2.15924
0.27238
2.18093
0.273151
2.20604
0.274037
2.23448
0.275042
2.26619
0.276169
2.30108
0.277423
2.33907
0.278808
2.38007
0.280332
2.42401
0.282001
2.47079
0.283823
2.52031
0.285807
2.57248
0.287965
2.62719
0.290309
2.68433
0.292851
2.74378
0.295608
2.80541
0.298599
2.86909
0.301844
2.93468
0.305368
3.00203
0.309198
3.07098
0.313368
3.14136
0.317917
3.21298
0.322888
3.28566
0.328336
3.35918
0.334326
3.43333
0.340933
3.50784
0.348252
3.58246
0.356398
3.65688
0.365511
3.73075
0.375769
3.80369
0.387396
3.87524
0.400681
3.94487
0.416001
4.01193
0.433856
4.07561
0.454925
4.13488
0.270925
2.11358
0.270925
2.11358
0.271036
2.11728
0.271257
2.12466
0.27159
2.13568
0.272035
2.15031
0.272593
2.16848
0.273265
2.19012
0.274053
2.21517
0.274959
2.24355
0.275987
2.27518
0.27714
2.30999
0.278424
2.34788
0.279844
2.38878
0.281407
2.4326
0.283119
2.47924
0.28499
2.52862
0.287029
2.58063
0.289249
2.63516
0.291662
2.6921
0.294283
2.75133
0.29713
2.81272
0.300221
2.87613
0.303581
2.94143
0.307235
3.00845
0.311215
3.07702
0.315556
3.14699
0.320302
3.21815
0.325502
3.29031
0.331217
3.36325
0.337519
3.43672
0.344496
3.51047
0.352254
3.5842
0.360926
3.65758
0.370675
3.73025
0.381711
3.80177
0.394301
3.87162
0.408791
3.9392
0.425642
4.00373
0.445475
4.06426
0.469146
4.11954
0.271799
2.12316
0.271799
2.12316
0.271912
2.12685
0.272138
2.13421
0.272479
2.14522
0.272934
2.15981
0.273504
2.17793
0.274191
2.19953
0.274997
2.22452
0.275925
2.25283
0.276978
2.28438
0.27816
2.31909
0.279476
2.35688
0.280932
2.39767
0.282536
2.44136
0.284294
2.48786
0.286218
2.53708
0.288316
2.58892
0.290603
2.64326
0.293091
2.69999
0.295797
2.75898
0.298739
2.82012
0.30194
2.88324
0.305424
2.94821
0.30922
3.01488
0.313362
3.08306
0.317891
3.15257
0.322853
3.22323
0.328305
3.29482
0.334315
3.36711
0.340965
3.43985
0.348354
3.51275
0.356604
3.58549
0.36587
3.65773
0.376343
3.72905
0.388271
3.79895
0.401973
3.86687
0.417872
3.93207
0.436533
3.99366
0.458736
4.05049
0.485567
4.10099
0.272711
2.13295
0.272711
2.13295
0.272827
2.13663
0.273059
2.14397
0.273407
2.15495
0.273872
2.1695
0.274456
2.18758
0.27516
2.20912
0.275985
2.23405
0.276936
2.26228
0.278015
2.29375
0.279227
2.32837
0.280577
2.36605
0.282073
2.40671
0.28372
2.45027
0.285529
2.49663
0.287508
2.54568
0.28967
2.59733
0.292028
2.65147
0.294597
2.70797
0.297394
2.76672
0.30044
2.82757
0.303759
2.89038
0.307377
2.95501
0.311327
3.02129
0.315647
3.08904
0.320381
3.15807
0.325581
3.22818
0.331311
3.29915
0.337647
3.37073
0.344682
3.44266
0.352531
3.51462
0.361335
3.58627
0.371273
3.65723
0.382572
3.72702
0.395526
3.7951
0.41052
3.86079
0.428071
3.92326
0.448884
3.98141
0.473938
4.03384
0.504626
4.07861
0.273663
2.14292
0.273663
2.14292
0.273781
2.14659
0.274019
2.15391
0.274375
2.16486
0.274852
2.17938
0.27545
2.19741
0.276171
2.21889
0.277017
2.24375
0.277992
2.27191
0.279099
2.30328
0.280343
2.3378
0.28173
2.37537
0.283267
2.4159
0.284961
2.45932
0.286823
2.50551
0.288862
2.55439
0.291092
2.60584
0.293527
2.65976
0.296182
2.71602
0.299078
2.7745
0.302236
2.83505
0.305682
2.89754
0.309446
2.96179
0.313564
3.02766
0.318077
3.09494
0.323034
3.16345
0.328495
3.23296
0.334531
3.30325
0.341228
3.37406
0.348693
3.44509
0.357057
3.51601
0.366484
3.58645
0.377185
3.65597
0.389427
3.72404
0.403564
3.79005
0.420063
3.85319
0.439563
3.91247
0.462943
3.96659
0.491446
4.01379
0.526859
4.05166
0.274654
2.15305
0.274654
2.15305
0.274775
2.15671
0.275018
2.16401
0.275384
2.17493
0.275872
2.18941
0.276485
2.20739
0.277225
2.22881
0.278093
2.2536
0.279093
2.28167
0.28023
2.31296
0.281508
2.34736
0.282934
2.38481
0.284515
2.42521
0.28626
2.46847
0.288178
2.5145
0.290282
2.56319
0.292584
2.61443
0.295101
2.66812
0.297849
2.72412
0.300851
2.78231
0.30413
2.84254
0.307714
2.90467
0.311636
2.96853
0.315936
3.03394
0.320659
3.10072
0.325861
3.16866
0.331609
3.23753
0.337982
3.30708
0.345079
3.37703
0.353022
3.44708
0.361963
3.51685
0.372093
3.58594
0.38366
3.65384
0.396983
3.71998
0.412489
3.78361
0.43075
3.84382
0.452555
3.8994
0.47901
3.94877
0.511695
3.98973
0.552905
4.01927
0.275684
2.16332
0.275684
2.16332
0.275808
2.16697
0.276058
2.17426
0.276433
2.18514
0.276934
2.19958
0.277563
2.21751
0.278322
2.23887
0.279213
2.26358
0.280241
2.29156
0.281409
2.32274
0.282724
2.35704
0.284191
2.39435
0.285819
2.43461
0.287617
2.47771
0.289596
2.52356
0.291768
2.57205
0.294148
2.62307
0.296752
2.67651
0.299601
2.73224
0.302716
2.79012
0.306125
2.85001
0.309858
2.91176
0.313951
2.97519
0.318449
3.04012
0.323402
3.10635
0.328872
3.17367
0.334934
3.24184
0.341679
3.31058
0.34922
3.3796
0.357696
3.44856
0.367284
3.51706
0.378208
3.58463
0.390761
3.65073
0.405328
3.71467
0.422422
3.7756
0.44275
3.83241
0.467291
3.88367
0.49744
3.92742
0.535204
3.96094
0.583514
3.98043
0.276754
2.17372
0.276754
2.17372
0.276882
2.17736
0.277138
2.18462
0.277522
2.19547
0.278037
2.20986
0.278683
2.22774
0.279462
2.24903
0.280379
2.27366
0.281435
2.30155
0.282637
2.33263
0.28399
2.3668
0.285501
2.40398
0.287179
2.44409
0.289034
2.48702
0.291077
2.53267
0.293322
2.58095
0.295785
2.63174
0.298483
2.68491
0.301439
2.74035
0.304677
2.7979
0.308225
2.85743
0.312119
2.91876
0.316398
2.98173
0.32111
3.04614
0.326313
3.11179
0.332076
3.17844
0.338484
3.24584
0.34564
3.3137
0.353673
3.3817
0.362744
3.44946
0.373059
3.51655
0.384882
3.58244
0.398562
3.6465
0.414559
3.70795
0.433503
3.76577
0.456261
3.81866
0.484058
3.86486
0.518647
3.90196
0.562571
3.92659
0.619535
3.93402
0.277863
2.18421
0.277863
2.18421
0.277995
2.18784
0.278258
2.19508
0.278653
2.2059
0.279181
2.22024
0.279845
2.23806
0.280647
2.25928
0.281589
2.28383
0.282676
2.31162
0.283913
2.34259
0.285306
2.37663
0.286864
2.41367
0.288595
2.45361
0.29051
2.49636
0.292622
2.54182
0.294945
2.58987
0.297496
2.64041
0.300296
2.6933
0.303367
2.74842
0.306736
2.80563
0.310435
2.86477
0.314502
2.92566
0.318982
2.98814
0.323927
3.05199
0.329403
3.117
0.335486
3.18293
0.342274
3.24949
0.349883
3.31639
0.358463
3.38327
0.368199
3.44971
0.379332
3.51523
0.392174
3.57923
0.407141
3.641
0.424791
3.69961
0.445891
3.75388
0.471514
3.80222
0.503186
3.84249
0.543106
3.87174
0.594469
3.88579
0.661886
3.87883
0.279013
2.19479
0.279013
2.19479
0.279148
2.1984
0.279418
2.20562
0.279824
2.2164
0.280368
2.2307
0.28105
2.24845
0.281875
2.2696
0.282844
2.29406
0.283963
2.32175
0.285238
2.3526
0.286675
2.38651
0.288282
2.4234
0.290069
2.46317
0.292048
2.50573
0.294233
2.55097
0.296639
2.59878
0.299285
2.64905
0.302192
2.70165
0.305386
2.75644
0.308896
2.81328
0.312757
2.872
0.317011
2.93242
0.321708
2.99437
0.326907
3.05762
0.33268
3.12194
0.339114
3.18708
0.346319
3.25275
0.35443
3.31859
0.363616
3.38424
0.374096
3.44922
0.38615
3.513
0.40015
3.57489
0.416592
3.63407
0.436153
3.68946
0.45977
3.73963
0.48877
3.78269
0.525049
3.81603
0.571349
3.83602
0.631624
3.83757
0.711491
3.81368
0.280202
2.20542
0.280202
2.20542
0.28034
2.20902
0.280618
2.21622
0.281036
2.22696
0.281595
2.24121
0.282298
2.2589
0.283146
2.27996
0.284145
2.30433
0.285298
2.33192
0.286612
2.36264
0.288095
2.39641
0.289754
2.43314
0.291601
2.47273
0.293649
2.51509
0.295911
2.5601
0.298405
2.60767
0.301151
2.65766
0.304173
2.70994
0.307499
2.76438
0.31116
2.82082
0.315196
2.87909
0.319652
2.93902
0.324584
3.00039
0.330058
3.063
0.336154
3.12658
0.342973
3.19087
0.350637
3.25555
0.359302
3.32025
0.369163
3.38454
0.380475
3.44791
0.393569
3.50975
0.408884
3.56929
0.427017
3.62555
0.448789
3.67725
0.475346
3.72273
0.508323
3.75967
0.550063
3.78491
0.603944
3.79404
0.674773
3.78097
0.769185
3.73748
0.28143
2.21609
0.28143
2.21609
0.281573
2.21968
0.281859
2.22685
0.282289
2.23755
0.282864
2.25174
0.283588
2.26937
0.284462
2.29035
0.285491
2.31462
0.286681
2.3421
0.288036
2.37269
0.289567
2.40631
0.291282
2.44287
0.293192
2.48228
0.295311
2.52442
0.297656
2.5692
0.300244
2.6165
0.303098
2.66619
0.306242
2.71814
0.309709
2.7722
0.313532
2.82822
0.317756
2.88602
0.322429
2.94541
0.327615
3.00618
0.333387
3.06809
0.339836
3.13088
0.347075
3.19425
0.355245
3.25786
0.364522
3.3213
0.375135
3.3841
0.387379
3.4457
0.401645
3.50539
0.418457
3.56227
0.438531
3.61523
0.46286
3.66275
0.492848
3.70282
0.530495
3.73268
0.578672
3.74851
0.641471
3.74504
0.724595
3.7151
0.835587
3.64941
0.282698
2.22678
0.282698
2.22678
0.282845
2.23036
0.283139
2.23749
0.283582
2.24816
0.284175
2.26229
0.28492
2.27985
0.285821
2.30075
0.286883
2.32492
0.28811
2.35227
0.28951
2.38273
0.291091
2.41619
0.292864
2.45258
0.294842
2.49178
0.297037
2.53371
0.299469
2.57824
0.302157
2.62525
0.305125
2.67463
0.308401
2.72623
0.312018
2.7799
0.316015
2.83547
0.32044
2.89276
0.325348
2.95158
0.330808
3.0117
0.336904
3.07286
0.343738
3.13479
0.351436
3.19717
0.360161
3.25961
0.370116
3.32168
0.381565
3.38286
0.394853
3.44249
0.410443
3.49978
0.428958
3.5537
0.451257
3.60292
0.478545
3.64567
0.512524
3.67955
0.555629
3.70125
0.611326
3.70623
0.684476
3.68829
0.781629
3.63925
0.91094
3.54911
0.284004
2.23747
0.284004
2.23747
0.284156
2.24103
0.284459
2.24814
0.284915
2.25876
0.285526
2.27284
0.286295
2.29032
0.287225
2.31112
0.28832
2.33519
0.289587
2.36242
0.291033
2.39273
0.292668
2.42603
0.294503
2.46224
0.296551
2.50123
0.298827
2.54292
0.301352
2.58719
0.304146
2.63391
0.307235
2.68296
0.31065
2.73418
0.314428
2.78743
0.318611
2.84253
0.323252
2.89928
0.328413
2.95749
0.33417
3.01691
0.340617
3.07727
0.347869
3.13828
0.356071
3.19958
0.365406
3.26076
0.37611
3.32134
0.38849
3.38072
0.402949
3.43818
0.420033
3.4928
0.440484
3.5434
0.465334
3.58841
0.496033
3.62574
0.534638
3.65255
0.584074
3.66492
0.648457
3.6575
0.73341
3.6232
0.846158
3.55303
0.994962
3.43685
0.285349
2.24813
0.285349
2.24813
0.285505
2.25168
0.285818
2.25875
0.286288
2.26933
0.286919
2.28335
0.287712
2.30075
0.288671
2.32146
0.289802
2.34541
0.291111
2.37252
0.292606
2.40268
0.294297
2.43581
0.296197
2.47182
0.298319
2.5106
0.300682
2.55205
0.303304
2.59604
0.30621
2.64245
0.309428
2.69114
0.312992
2.74197
0.316941
2.79478
0.321324
2.84937
0.326197
2.90556
0.331629
2.96312
0.337707
3.02179
0.344534
3.0813
0.352242
3.14131
0.360994
3.20144
0.371001
3.26125
0.382534
3.3202
0.395948
3.37762
0.411719
3.43268
0.430488
3.48433
0.45314
3.53121
0.480906
3.57148
0.515524
3.60267
0.559454
3.62145
0.616164
3.62321
0.690432
3.60182
0.788554
3.54938
0.918108
3.45647
1.08673
3.31364
0.286732
2.25875
0.286732
2.25875
0.286893
2.26228
0.287216
2.26932
0.287701
2.27985
0.288351
2.29381
0.289169
2.31113
0.29016
2.33175
0.291328
2.35558
0.292681
2.38255
0.294228
2.41256
0.295979
2.44551
0.297947
2.48132
0.300148
2.51987
0.3026
2.56106
0.305326
2.60476
0.308351
2.65084
0.311707
2.69917
0.315428
2.74958
0.319561
2.80192
0.324156
2.85598
0.329277
2.91156
0.335002
2.96843
0.341426
3.0263
0.348665
3.08489
0.356868
3.14383
0.366222
3.20271
0.376967
3.26104
0.389415
3.3182
0.403981
3.37346
0.42122
3.42588
0.441888
3.47424
0.467034
3.51696
0.498122
3.5519
0.537219
3.57618
0.587231
3.58588
0.652192
3.57574
0.737509
3.53886
0.84995
3.46676
0.996952
3.35018
1.18464
3.18134
0.288153
2.2693
0.288153
2.2693
0.288319
2.27282
0.288651
2.27983
0.289152
2.29031
0.289823
2.3042
0.290668
2.32143
0.291691
2.34195
0.292899
2.36567
0.294298
2.39249
0.295898
2.42234
0.297712
2.45511
0.299752
2.4907
0.302036
2.52902
0.304584
2.56993
0.307419
2.61333
0.31057
2.65907
0.31407
2.70701
0.31796
2.75699
0.322287
2.80883
0.327109
2.86233
0.332497
2.91727
0.338536
2.97339
0.345332
3.03042
0.353018
3.08803
0.36176
3.14582
0.371771
3.20335
0.383326
3.26006
0.396786
3.31528
0.412631
3.36818
0.43151
3.41768
0.454314
3.4624
0.482278
3.50048
0.517134
3.52945
0.561313
3.54598
0.618197
3.54556
0.692379
3.52222
0.789779
3.46848
0.917321
3.37564
1.08166
3.23533
1.28647
3.04251
0.289609
2.27977
0.289609
2.27977
0.289781
2.28327
0.290124
2.29025
0.290641
2.30068
0.291334
2.3145
0.292207
2.33165
0.293264
2.35206
0.294513
2.37565
0.29596
2.40233
0.297617
2.43201
0.299496
2.46458
0.301612
2.49996
0.303983
2.53802
0.306631
2.57866
0.309582
2.62173
0.312866
2.66711
0.31652
2.71465
0.320588
2.76417
0.325122
2.81548
0.330187
2.86839
0.335859
2.92265
0.342235
2.97799
0.349433
3.03412
0.357602
3.09067
0.366929
3.14723
0.377657
3.2033
0.390101
3.25827
0.404676
3.31138
0.42194
3.36169
0.442649
3.40799
0.467847
3.44867
0.498984
3.4816
0.538087
3.50394
0.587981
3.51185
0.652531
3.50022
0.736832
3.46251
0.847121
3.39081
0.990034
3.27677
1.17071
3.11371
1.38958
2.90026
