0.291102
2.29014
0.291102
2.29014
0.291279
2.29362
0.291633
2.30057
0.292167
2.31094
0.292883
2.32469
0.293785
2.34175
0.294878
2.36205
0.296169
2.38551
0.297667
2.41204
0.299383
2.44154
0.301331
2.47392
0.303526
2.50906
0.305989
2.54687
0.308743
2.58721
0.311815
2.62995
0.31524
2.67496
0.319056
2.72206
0.323313
2.7711
0.328068
2.82187
0.333391
2.87414
0.339367
2.92768
0.346104
2.9822
0.353734
3.03737
0.362424
3.0928
0.372386
3.14804
0.383896
3.20253
0.397313
3.25561
0.413117
3.30643
0.431952
3.35392
0.454697
3.39669
0.482569
3.43292
0.517257
3.46017
0.56111
3.47517
0.617362
3.47359
0.690338
3.44975
0.785516
3.39663
0.90916
3.30631
1.06709
3.17134
1.2622
2.98759
1.49116
2.75794
0.292629
2.30039
0.292629
2.30039
0.292811
2.30385
0.293177
2.31076
0.293729
2.32108
0.294468
2.33476
0.295401
2.35173
0.296531
2.37192
0.297867
2.39524
0.299418
2.42161
0.301196
2.45093
0.303215
2.48309
0.305494
2.518
0.308053
2.55554
0.310917
2.59557
0.314118
2.63796
0.317691
2.68258
0.321679
2.72924
0.326136
2.77777
0.331124
2.82796
0.336722
2.87957
0.343023
2.93235
0.350147
2.98599
0.358241
3.04014
0.367493
3.09437
0.378143
3.1482
0.390503
3.201
0.404986
3.25204
0.42214
3.30037
0.442709
3.34479
0.467712
3.38371
0.498557
3.41506
0.537194
3.43605
0.586312
3.44301
0.649548
3.43108
0.731624
3.39412
0.838221
3.32486
0.975255
3.21575
1.14715
3.06096
1.35399
2.85953
1.58853
2.61881
0.294188
2.3105
0.294188
2.3105
0.294377
2.31395
0.294755
2.32082
0.295325
2.33108
0.296089
2.34468
0.297053
2.36156
0.298222
2.38163
0.299605
2.40481
0.301211
2.43102
0.303054
2.46015
0.305148
2.4921
0.307514
2.52676
0.310173
2.56401
0.313154
2.60372
0.316489
2.64576
0.320218
2.68996
0.324388
2.73615
0.329056
2.78415
0.334292
2.83373
0.340181
2.88466
0.346829
2.93664
0.354366
2.98935
0.362958
3.04241
0.372816
3.09537
0.38421
3.14768
0.397495
3.19868
0.41314
3.24752
0.431774
3.29316
0.454252
3.33423
0.481747
3.36895
0.515878
3.39497
0.558872
3.40914
0.613764
3.40735
0.684563
3.3843
0.776278
3.33348
0.894546
3.24768
1.04451
3.12024
1.22865
2.94753
1.44388
2.73221
1.67943
2.48573
0.29578
2.32046
0.29578
2.32046
0.295975
2.32389
0.296365
2.33072
0.296954
2.34092
0.297744
2.35445
0.298741
2.37122
0.29995
2.39117
0.301381
2.41421
0.303045
2.44025
0.304955
2.46918
0.307128
2.50091
0.309585
2.53531
0.312349
2.57227
0.315452
2.61165
0.318929
2.65331
0.322821
2.69708
0.327182
2.74279
0.332073
2.79024
0.337571
2.83918
0.34377
2.88938
0.350786
2.94051
0.358764
2.99225
0.36789
3.04416
0.378399
3.09577
0.390596
3.14646
0.404883
3.19552
0.421793
3.242
0.442045
3.28474
0.466617
3.32219
0.49685
3.35235
0.534588
3.37258
0.582347
3.37936
0.643494
3.36817
0.722351
3.33332
0.824056
3.26816
0.953902
3.16585
1.11581
3.02114
1.3099
2.83311
1.52987
2.60812
1.76213
2.36097
0.297401
2.33025
0.297401
2.33025
0.297602
2.33366
0.298006
2.34045
0.298615
2.35059
0.299431
2.36403
0.300462
2.38071
0.301713
2.40053
0.303195
2.42342
0.304918
2.44928
0.306898
2.47802
0.309153
2.50951
0.311704
2.54365
0.314579
2.58031
0.31781
2.61935
0.321434
2.66061
0.325498
2.70394
0.330059
2.74914
0.335186
2.79601
0.34096
2.84429
0.347487
2.89372
0.354894
2.94397
0.363343
2.99467
0.37304
3.04537
0.384247
3.09554
0.39731
3.14452
0.412681
3.1915
0.430964
3.23546
0.452978
3.27506
0.479834
3.30861
0.513056
3.33386
0.554724
3.34784
0.607641
3.34669
0.675474
3.32552
0.762762
3.27836
0.874575
3.19864
1.01553
3.08031
1.18792
2.91999
1.38924
2.71978
1.61028
2.48945
1.83561
2.24609
0.29905
2.33985
0.29905
2.33985
0.299258
2.34324
0.299676
2.34999
0.300304
2.36007
0.301149
2.37343
0.302215
2.39
0.30351
2.4097
0.305043
2.43243
0.306829
2.45812
0.308881
2.48664
0.311221
2.51789
0.313871
2.55176
0.316861
2.5881
0.320224
2.62679
0.324003
2.66765
0.328248
2.71052
0.333019
2.75519
0.338393
2.80145
0.34446
2.84904
0.351333
2.89767
0.359155
2.94699
0.368104
2.9966
0.378409
3.04602
0.390365
3.09467
0.404357
3.14183
0.420897
3.18661
0.440666
3.22786
0.46459
3.26411
0.493928
3.29347
0.530392
3.31343
0.576304
3.32073
0.634739
3.31116
0.709613
3.27952
0.805554
3.21973
0.927325
3.12558
1.07853
2.99219
1.25952
2.81843
1.46517
2.60945
1.68386
2.37789
1.89941
2.14193
0.300725
2.34926
0.300725
2.34926
0.30094
2.35262
0.301371
2.35933
0.302021
2.36935
0.302894
2.38263
0.303997
2.39908
0.305336
2.41865
0.306924
2.44123
0.308774
2.46673
0.310902
2.49504
0.31333
2.52604
0.316083
2.55963
0.319192
2.59565
0.322694
2.63396
0.326634
2.67441
0.331067
2.7168
0.336059
2.76092
0.341692
2.80656
0.348066
2.85342
0.355305
2.90122
0.363565
2.94956
0.373045
2.99804
0.383998
3.04611
0.396753
3.09316
0.411742
3.13839
0.429538
3.18081
0.450909
3.21918
0.476896
3.25186
0.50891
3.27674
0.548865
3.29107
0.599317
3.29128
0.663585
3.27286
0.745755
3.23039
0.850386
3.15788
0.981686
3.04977
1.14194
2.90273
1.32939
2.71805
1.53644
2.50378
1.74984
2.2746
1.95366
2.04876
0.302424
2.35845
0.302424
2.35845
0.302646
2.36179
0.303091
2.36846
0.303763
2.37841
0.304666
2.3916
0.305806
2.40795
0.307192
2.42738
0.308836
2.4498
0.310752
2.4751
0.312958
2.50319
0.315477
2.53395
0.318337
2.56724
0.321569
2.60293
0.325215
2.64087
0.329324
2.68088
0.333953
2.72277
0.339176
2.76633
0.345081
2.81131
0.351777
2.85743
0.359401
2.90435
0.368124
2.95168
0.378166
2.99896
0.389807
3.04562
0.403413
3.09098
0.419466
3.13417
0.438607
3.17411
0.461697
3.20942
0.489898
3.2383
0.524784
3.25843
0.568466
3.26679
0.623722
3.25955
0.694072
3.23193
0.783672
3.17844
0.896835
3.09338
1.03696
2.97214
1.20478
2.81317
1.39638
2.62031
1.60213
2.40405
1.80791
2.18027
1.99886
1.96633
0.304143
2.36741
0.304143
2.36741
0.304373
2.37074
0.304833
2.37736
0.305527
2.38725
0.30646
2.40034
0.307639
2.41658
0.309073
2.43587
0.310774
2.45812
0.312759
2.48324
0.315046
2.5111
0.317659
2.5416
0.320629
2.57459
0.32399
2.60994
0.327786
2.64748
0.332069
2.68705
0.336903
2.72843
0.342366
2.77141
0.348555
2.81572
0.355589
2.86105
0.363617
2.90707
0.372828
2.95334
0.383463
2.99937
0.395832
3.04455
0.410342
3.08813
0.427528
3.12918
0.448104
3.1665
0.473029
3.19857
0.503595
3.22344
0.541538
3.23856
0.589163
3.24066
0.649448
3.22565
0.72605
3.18861
0.823076
3.12408
0.944407
3.02689
1.09241
2.89362
1.26611
2.72474
1.45958
2.52646
1.66166
2.31116
1.85814
2.09509
2.03577
1.89407
0.305881
2.37614
0.305881
2.37614
0.306118
2.37944
0.306593
2.38602
0.30731
2.39584
0.308274
2.40885
0.309493
2.42497
0.310976
2.44411
0.312737
2.4662
0.314792
2.49112
0.317162
2.51875
0.319873
2.54898
0.322957
2.58167
0.32645
2.61666
0.330401
2.65381
0.334865
2.69292
0.339912
2.73377
0.345625
2.77615
0.352111
2.81976
0.359497
2.86429
0.367949
2.90937
0.377672
2.95454
0.388931
2.99927
0.402069
3.04291
0.417535
3.08463
0.435923
3.12342
0.458023
3.15798
0.484898
3.18666
0.517972
3.20731
0.559144
3.21717
0.610902
3.21275
0.676387
3.18974
0.759319
3.14316
0.863625
3.06776
0.992565
2.9591
1.14729
2.81519
1.32511
2.63854
1.5183
2.43749
1.71477
2.22566
1.90088
2.01893
2.0653
1.83118
0.307633
2.38462
0.307633
2.38462
0.307878
2.3879
0.308368
2.39443
0.309109
2.40418
0.310105
2.4171
0.311365
2.4331
0.312898
2.4521
0.31472
2.47402
0.316848
2.49873
0.319303
2.52613
0.322115
2.55609
0.325315
2.58846
0.328946
2.6231
0.333057
2.65984
0.337708
2.69847
0.342975
2.73879
0.348949
2.78054
0.355742
2.82344
0.363497
2.86714
0.37239
2.91124
0.382649
2.95528
0.394564
2.99866
0.408511
3.04068
0.424985
3.08046
0.444642
3.1169
0.468353
3.14858
0.497288
3.1737
0.533004
3.18994
0.577561
3.19433
0.633607
3.18318
0.704402
3.15204
0.793642
3.09593
0.904934
3.01002
1.04075
2.89077
1.20093
2.73778
1.38107
2.55553
1.57209
2.3541
1.7615
2.14773
1.93671
1.95136
2.08844
1.77676
0.309397
2.39284
0.309397
2.39284
0.309649
2.3961
0.310156
2.40259
0.310921
2.41227
0.31195
2.42509
0.313251
2.44097
0.314836
2.45983
0.31672
2.48156
0.318922
2.50607
0.321466
2.53323
0.32438
2.56291
0.327701
2.59497
0.331473
2.62924
0.335748
2.66556
0.340593
2.70372
0.346088
2.74348
0.35233
2.7846
0.359443
2.82676
0.36758
2.8696
0.376934
2.9127
0.387753
2.95555
0.400353
2.99754
0.415148
3.03789
0.432682
3.07566
0.453672
3.10965
0.479078
3.13832
0.510175
3.15974
0.548656
3.17139
0.596728
3.17014
0.657176
3.15211
0.733323
3.11277
0.828744
3.0473
0.946594
2.95139
1.08843
2.82262
1.25269
2.66221
1.43349
2.47647
1.62072
2.27674
1.80207
2.07732
1.96629
1.89181
2.10611
1.72988
0.311169
2.4008
0.311169
2.4008
0.311429
2.40403
0.311952
2.41047
0.312741
2.42008
0.313803
2.43281
0.315147
2.44857
0.316785
2.46728
0.318733
2.48884
0.321011
2.51314
0.323645
2.54005
0.326664
2.56945
0.330109
2.60119
0.334025
2.63509
0.33847
2.67098
0.343514
2.70864
0.349243
2.74784
0.355763
2.78831
0.363207
2.82971
0.37174
2.87167
0.381573
2.91375
0.392973
2.95539
0.406288
2.99593
0.421969
3.03455
0.44061
3.07023
0.462996
3.10168
0.490174
3.12724
0.523528
3.14482
0.56488
3.15176
0.61657
3.14472
0.681488
3.11972
0.762955
3.07223
0.86433
2.99768
0.98819
2.89246
1.13507
2.75537
1.30206
2.58923
1.48199
2.40192
1.66419
2.2056
1.83688
2.01414
1.99037
1.83959
2.11923
1.68963
0.312945
2.40848
0.312945
2.40848
0.313213
2.41169
0.313753
2.41808
0.314567
2.42762
0.315663
2.44025
0.31705
2.45589
0.318742
2.47445
0.320755
2.49583
0.32311
2.51992
0.325835
2.54659
0.328963
2.5757
0.332534
2.60711
0.336598
2.64063
0.341217
2.67609
0.346465
2.71325
0.352435
2.75188
0.359241
2.79168
0.367025
2.83231
0.375967
2.87337
0.386295
2.91439
0.398299
2.95478
0.412356
2.99383
0.428958
3.03068
0.448752
3.0642
0.472592
3.09303
0.501612
3.11538
0.537305
3.12902
0.581614
3.13112
0.636995
3.11822
0.7064
3.08623
0.793084
3.03072
0.90009
2.9475
1.02932
2.83379
1.18023
2.68963
1.34864
2.51941
1.5264
2.33224
1.70264
2.14068
1.86644
1.95778
2.00969
1.79398
2.12859
1.65513
0.314721
2.41588
0.314721
2.41588
0.314998
2.41906
0.315554
2.42541
0.316393
2.43488
0.317524
2.44741
0.318955
2.46293
0.320701
2.48134
0.32278
2.50254
0.325214
2.52641
0.328032
2.55283
0.33127
2.58166
0.334969
2.61273
0.339185
2.64587
0.343981
2.68089
0.349438
2.71755
0.355655
2.75559
0.362754
2.79471
0.370889
2.83456
0.380252
2.8747
0.39109
2.91464
0.403718
2.95375
0.418543
2.99128
0.436099
3.0263
0.457087
3.05761
0.482433
3.08375
0.513357
3.1028
0.551458
3.11241
0.598789
3.1096
0.657897
3.09078
0.731755
3.05186
0.823481
2.98856
0.935715
2.89721
1.0696
2.77589
1.22352
2.62598
1.39216
2.45322
1.56667
2.26764
1.73633
2.08181
1.89128
1.90775
2.02493
1.75426
2.13489
1.62563
0.316493
2.423
0.316493
2.423
0.316778
2.42616
0.317351
2.43246
0.318216
2.44185
0.319381
2.45428
0.320857
2.46968
0.322658
2.48793
0.324804
2.50895
0.327318
2.53261
0.330231
2.55878
0.333579
2.58732
0.33741
2.61806
0.341779
2.65081
0.346756
2.68538
0.352426
2.72153
0.358895
2.75898
0.366294
2.79742
0.374788
2.83646
0.384584
2.87567
0.395946
2.91451
0.409215
2.95232
0.424832
2.9883
0.443371
3.02145
0.465591
3.0505
0.492487
3.07388
0.525367
3.08958
0.565928
3.09509
0.616321
3.08732
0.679157
3.0626
0.757383
3.01687
0.853912
2.94611
0.970903
2.84722
1.10869
2.71926
1.26462
2.56486
1.43244
2.39094
1.60287
2.20815
1.76561
2.02871
1.91196
1.86349
2.03676
1.71973
2.13876
1.60041
0.318255
2.42982
0.318255
2.42982
0.318549
2.43296
0.319139
2.43921
0.32003
2.44853
0.32123
2.46087
0.322751
2.47613
0.324608
2.49424
0.326822
2.51508
0.329416
2.53852
0.332425
2.56444
0.335886
2.59268
0.339849
2.62308
0.344374
2.65545
0.349534
2.68958
0.355421
2.72521
0.362146
2.76206
0.369851
2.7998
0.378711
2.83804
0.388949
2.8763
0.400848
2.91403
0.414774
2.95051
0.431202
2.98491
0.450751
3.01615
0.474234
3.04291
0.502717
3.06349
0.537594
3.07578
0.580651
3.07716
0.63412
3.06442
0.700648
3.03386
0.783108
2.98151
0.884144
2.90369
1.00537
2.79793
1.1463
2.66432
1.30332
2.50664
1.46942
2.33278
1.63516
2.15369
1.79087
1.98103
1.92903
1.82444
2.04574
1.68977
2.14071
1.57886
0.320005
2.43635
0.320005
2.43635
0.320307
2.43946
0.320914
2.44567
0.32183
2.45492
0.323066
2.46716
0.324632
2.4823
0.326546
2.50025
0.328827
2.52091
0.331503
2.54414
0.334608
2.5698
0.338183
2.59776
0.342279
2.62782
0.346962
2.6598
0.352308
2.69347
0.358413
2.72858
0.365399
2.76483
0.373414
2.80188
0.382647
2.8393
0.393334
2.87661
0.40578
2.9132
0.420377
2.94835
0.437633
2.98115
0.458213
3.01046
0.482984
3.03489
0.513084
3.05264
0.549983
3.0615
0.595553
3.05873
0.652087
3.04106
0.722236
3.00477
0.808751
2.94606
0.913955
2.86162
1.03888
2.74972
1.18221
2.61142
1.33948
2.45158
1.50312
2.27879
1.66377
2.10408
1.81252
1.93837
1.94298
1.79007
2.05238
1.66378
2.14117
1.56043
0.321735
2.44258
0.321735
2.44258
0.322046
2.44567
0.32267
2.45183
0.323613
2.46101
0.324884
2.47315
0.326495
2.48817
0.328465
2.50597
0.330814
2.52644
0.333572
2.54946
0.336773
2.57487
0.340463
2.60253
0.344694
2.63226
0.349535
2.66385
0.355068
2.69707
0.361395
2.73166
0.368644
2.76731
0.376972
2.80366
0.386581
2.84026
0.397724
2.87661
0.410726
2.91207
0.426004
2.94587
0.444102
2.97705
0.465728
3.00442
0.491806
3.0265
0.523541
3.04141
0.562478
3.04683
0.610558
3.03993
0.67012
3.01739
0.743784
2.97554
0.834138
2.91076
0.943135
2.82021
1.07119
2.7029
1.21622
2.56086
1.37301
2.39983
1.53363
2.22896
1.68898
2.05908
1.83097
1.9003
1.95429
1.75985
2.05712
1.64126
2.1405
1.54468
0.323442
2.44851
0.323442
2.44851
0.323761
2.45158
0.324402
2.45769
0.325371
2.4668
0.326677
2.47884
0.328334
2.49374
0.33036
2.51139
0.332777
2.53168
0.335617
2.55449
0.338915
2.57965
0.342719
2.60702
0.347085
2.63641
0.352085
2.66761
0.357805
2.70039
0.364355
2.73446
0.371868
2.76951
0.380513
2.80515
0.390502
2.84094
0.402105
2.87632
0.415667
2.91064
0.431633
2.94309
0.450582
2.97265
0.473265
2.99808
0.500662
3.0178
0.53404
3.02986
0.575014
3.03186
0.625584
3.02088
0.68811
2.99358
0.765154
2.94637
0.8591
2.87587
0.971495
2.77975
1.10214
2.65776
1.24821
2.51284
1.4039
2.35149
1.5611
2.18319
1.71108
2.01842
1.84661
1.86641
1.96338
1.73332
2.06034
1.62172
2.139
1.5312
0.325119
2.45415
0.325119
2.45415
0.325447
2.45719
0.326105
2.46325
0.3271
2.47229
0.328441
2.48424
0.330143
2.49902
0.332225
2.51652
0.33471
2.53663
0.337631
2.55923
0.341026
2.58415
0.344943
2.61123
0.349444
2.64029
0.354603
2.6711
0.360511
2.70343
0.367283
2.73699
0.375061
2.77144
0.384023
2.80638
0.394393
2.84135
0.406458
2.87578
0.420584
2.90896
0.437243
2.94005
0.457047
2.968
0.480792
2.99148
0.509511
3.00886
0.54453
3.0181
0.587527
3.01671
0.640546
3.00173
0.705951
2.9698
0.786212
2.91746
0.883479
2.84162
0.998869
2.74048
1.13157
2.61453
1.27811
2.46752
1.43221
2.30659
1.58571
2.14132
1.73038
1.98178
1.85982
1.83629
1.9706
1.71003
2.06235
1.60478
2.1369
1.51965
0.326763
2.45948
0.326763
2.45948
0.327098
2.4625
0.327773
2.46852
0.328793
2.47749
0.33017
2.48935
0.331916
2.504
0.334053
2.52136
0.336606
2.5413
0.339607
2.56368
0.343098
2.58836
0.347129
2.61516
0.351764
2.64388
0.35708
2.67432
0.363175
2.70621
0.370169
2.73926
0.378211
2.77311
0.387489
2.80737
0.398241
2.84153
0.410767
2.875
0.425457
2.90705
0.442808
2.9368
0.463467
2.96314
0.488273
2.98469
0.518309
2.99974
0.554957
3.00619
0.599948
3.00147
0.655359
2.98259
0.723534
2.94621
0.806831
2.88901
0.907133
2.80823
1.02511
2.70262
1.15939
2.57339
1.30589
2.42499
1.458
2.26506
1.60766
2.10318
1.74716
1.94886
1.87092
1.80957
1.97629
1.6896
2.06342
1.59007
2.1344
1.50975
0.328366
2.46452
0.328366
2.46452
0.32871
2.46751
0.329401
2.47349
0.330447
2.48239
0.331857
2.49415
0.333648
2.50869
0.335839
2.52591
0.338458
2.54567
0.341539
2.56785
0.345124
2.59229
0.349268
2.61881
0.354035
2.64721
0.359508
2.67728
0.365788
2.70873
0.373001
2.74128
0.381305
2.77455
0.390897
2.80812
0.402027
2.84148
0.415013
2.87401
0.430263
2.90495
0.448303
2.93337
0.469813
2.95812
0.495672
2.97777
0.527011
2.99053
0.565265
2.99424
0.612207
2.98627
0.669936
2.96361
0.740757
2.92297
0.826889
2.8612
0.929932
2.7759
1.05012
2.66636
1.18551
2.53446
1.33155
2.3853
1.4814
2.22684
1.62716
2.06854
1.76171
1.91934
1.88022
1.78588
1.9807
1.67168
2.06376
1.57731
2.13165
1.50124
0.329923
2.46925
0.329923
2.46925
0.330275
2.47223
0.330983
2.47816
0.332053
2.48699
0.333497
2.49867
0.335331
2.51309
0.337576
2.53017
0.340261
2.54976
0.34342
2.57174
0.347098
2.59595
0.351351
2.62219
0.356248
2.65028
0.361875
2.67998
0.368338
2.71101
0.375768
2.74306
0.384331
2.77576
0.394233
2.80867
0.405737
2.84124
0.419178
2.87285
0.434982
2.90269
0.453703
2.92981
0.476053
2.95299
0.502951
2.97077
0.535572
2.98129
0.575397
2.98233
0.624236
2.97121
0.684193
2.94491
0.757519
2.90023
0.846275
2.8342
0.951766
2.7448
1.07379
2.63185
1.2099
2.49785
1.35514
2.34844
1.50253
2.19181
1.64443
2.03718
1.7743
1.89292
1.88798
1.7649
1.98409
1.65596
2.06356
1.56621
2.12877
1.49392
0.331429
2.47369
0.331429
2.47369
0.331789
2.47665
0.332513
2.48253
0.333607
2.49131
0.335084
2.50289
0.33696
2.51721
0.339258
2.53415
0.342006
2.55358
0.345241
2.57536
0.34901
2.59934
0.353372
2.62532
0.358396
2.65311
0.364174
2.68244
0.370816
2.71306
0.378458
2.74463
0.387275
2.77677
0.397482
2.80902
0.409354
2.84083
0.423241
2.87153
0.439591
2.9003
0.458981
2.92614
0.482156
2.94781
0.510071
2.96376
0.543945
2.9721
0.585297
2.97054
0.635965
2.9564
0.698048
2.92663
0.773728
2.87814
0.864891
2.80817
0.972543
2.71508
1.09606
2.5992
1.23255
2.46362
1.37672
2.31438
1.52154
2.15982
1.65968
2.00888
1.78516
1.86933
1.89444
1.74634
1.98664
1.64217
2.06296
1.55656
2.12585
1.48762
0.332879
2.47784
0.332879
2.47784
0.333246
2.48077
0.333985
2.48662
0.335103
2.49533
0.336612
2.50683
0.338529
2.52104
0.340877
2.53785
0.343687
2.55712
0.346997
2.57872
0.350855
2.60247
0.355321
2.6282
0.360469
2.65569
0.366394
2.68468
0.37321
2.7149
0.38106
2.746
0.390124
2.7776
0.400629
2.80921
0.41286
2.84028
0.427183
2.8701
0.444065
2.89783
0.464109
2.92243
0.488089
2.94261
0.516995
2.95679
0.552082
2.96303
0.594907
2.95898
0.647327
2.94194
0.711424
2.90889
0.789295
2.85683
0.882647
2.78325
0.992184
2.68687
1.11689
2.56851
1.25347
2.43177
1.39636
2.28306
1.53857
2.13073
1.6731
1.98341
1.79451
1.8483
1.89981
1.72994
1.98852
1.63009
2.06207
1.54817
2.12296
1.48219
0.334265
2.48169
0.334265
2.48169
0.33464
2.48461
0.335394
2.49042
0.336534
2.49907
0.338074
2.51049
0.34003
2.52459
0.342428
2.54127
0.345298
2.56039
0.348679
2.58181
0.352622
2.60536
0.35719
2.63084
0.362459
2.65803
0.368526
2.6867
0.37551
2.71653
0.383561
2.74718
0.392865
2.77826
0.403658
2.80926
0.416238
2.83961
0.430984
2.86858
0.448383
2.8953
0.469061
2.91871
0.493819
2.93747
0.523682
2.94995
0.559938
2.95416
0.604174
2.94773
0.658258
2.92793
0.724245
2.89179
0.804142
2.83643
0.899467
2.75956
1.01063
2.66027
1.13624
2.53985
1.27267
2.40233
1.41416
2.2544
1.55378
2.10437
1.68489
1.96056
1.80255
1.82959
1.90425
1.71547
1.98987
1.6195
2.06101
1.54087
2.12016
1.47751
0.335584
2.48526
0.335584
2.48526
0.335966
2.48816
0.336734
2.49393
0.337896
2.50252
0.339465
2.51386
0.341459
2.52787
0.343904
2.54443
0.346831
2.56341
0.350281
2.58465
0.354307
2.60799
0.358971
2.63324
0.364356
2.66016
0.370559
2.68851
0.377706
2.71797
0.38595
2.7482
0.395485
2.77877
0.406556
2.80919
0.419471
2.83884
0.434624
2.867
0.452521
2.89276
0.473808
2.91502
0.499315
2.93242
0.530094
2.94327
0.567467
2.94556
0.613043
2.93687
0.668694
2.91448
0.736444
2.87546
0.818198
2.81704
0.915285
2.7372
1.02783
2.63536
1.15412
2.51324
1.29021
2.37525
1.43021
2.22829
1.56731
2.0806
1.69521
1.94013
1.80944
1.813
1.90792
1.70272
1.99081
1.61023
2.05983
1.53452
2.11749
1.47346
0.336829
2.48854
0.336829
2.48854
0.337218
2.49142
0.337999
2.49715
0.339181
2.50569
0.340778
2.51697
0.342809
2.53088
0.345298
2.54732
0.34828
2.56616
0.351796
2.58725
0.355899
2.6104
0.360657
2.63542
0.366151
2.66208
0.372485
2.69012
0.379786
2.71924
0.388214
2.74905
0.39797
2.77915
0.409306
2.80901
0.422541
2.83801
0.438084
2.8654
0.456456
2.89025
0.478324
2.91142
0.504544
2.92751
0.536195
2.93683
0.574625
2.9373
0.621462
2.92649
0.678579
2.90167
0.747957
2.85998
0.831398
2.79878
0.930046
2.71627
1.04376
2.61222
1.17052
2.48872
1.30612
2.35052
1.44461
2.20465
1.57929
2.05926
1.70422
1.92192
1.81534
1.79832
1.91094
1.69151
1.99142
1.60213
2.0586
1.52901
2.11498
1.46998
0.337995
2.49154
0.337995
2.49154
0.33839
2.4944
0.339184
2.5001
0.340386
2.50859
0.342009
2.5198
0.344074
2.53362
0.346605
2.54996
0.349638
2.56867
0.353216
2.5896
0.357393
2.61257
0.362238
2.63738
0.367836
2.6638
0.374293
2.69156
0.38174
2.72034
0.390343
2.74977
0.400308
2.77942
0.411894
2.80876
0.425432
2.83714
0.441343
2.8638
0.460164
2.88778
0.482583
2.90793
0.509475
2.92281
0.541946
2.93068
0.581367
2.92945
0.629381
2.91666
0.687855
2.8896
0.758724
2.84546
0.843686
2.78173
0.943704
2.69685
1.05839
2.59089
1.18544
2.46629
1.32047
2.32807
1.45745
2.18338
1.58986
2.04019
1.71206
1.90578
1.82038
1.78538
1.91342
1.68168
1.99179
1.59506
2.05737
1.52422
2.11265
1.46698
0.339076
2.49426
0.339076
2.49426
0.339477
2.49711
0.340283
2.50278
0.341503
2.51122
0.343151
2.52236
0.345247
2.5361
0.347819
2.55234
0.3509
2.57093
0.354535
2.59172
0.358781
2.61452
0.363708
2.63914
0.369403
2.66533
0.375975
2.69282
0.383559
2.7213
0.392325
2.75037
0.402484
2.7796
0.414306
2.80845
0.428128
2.83626
0.444384
2.86223
0.463625
2.88541
0.486557
2.90461
0.514077
2.91835
0.547312
2.92488
0.587653
2.92207
0.636754
2.90746
0.696471
2.87834
0.768692
2.83197
0.855011
2.76598
0.956221
2.67901
1.0717
2.57142
1.19892
2.44595
1.33331
2.30787
1.46883
2.16436
1.59912
2.02327
1.71885
1.89154
1.82466
1.77403
1.91545
1.67311
1.99197
1.58893
2.05618
1.52009
2.11052
1.46439
0.340068
2.4967
0.340068
2.4967
0.340474
2.49953
0.341291
2.50518
0.342528
2.51357
0.344199
2.52466
0.346324
2.53833
0.348932
2.55447
0.352057
2.57295
0.355746
2.59361
0.360056
2.61626
0.365058
2.64069
0.370842
2.66668
0.377521
2.69392
0.385231
2.72212
0.394148
2.75086
0.404488
2.77971
0.416527
2.8081
0.430611
2.83538
0.447186
2.86073
0.466816
2.88317
0.490222
2.90148
0.518321
2.91418
0.552259
2.91948
0.593444
2.91522
0.643536
2.89895
0.704379
2.86797
0.777813
2.81959
0.865331
2.75159
0.967567
2.66279
1.0837
2.55383
1.21097
2.4277
1.3447
2.28985
1.47883
2.14752
1.60718
2.00837
1.72469
1.87907
1.82829
1.76414
1.9171
1.66567
1.99203
1.58363
2.05505
1.51653
2.10858
1.46219
0.340966
2.49887
0.340966
2.49887
0.341377
2.50169
0.342204
2.5073
0.343455
2.51566
0.345147
2.52669
0.347299
2.5403
0.34994
2.55636
0.353105
2.57474
0.356843
2.59527
0.36121
2.61778
0.366281
2.64206
0.372147
2.66785
0.378922
2.69488
0.386748
2.72281
0.395802
2.75126
0.406307
2.77975
0.418543
2.80774
0.432867
2.83453
0.449732
2.85932
0.469715
2.88108
0.493554
2.8986
0.522178
2.91035
0.556754
2.91453
0.598701
2.90898
0.649685
2.89121
0.711534
2.85856
0.786042
2.8084
0.874606
2.73863
0.977715
2.64825
1.09436
2.53814
1.22162
2.41151
1.35468
2.27397
1.48753
2.13275
1.61414
1.99539
1.72967
1.86826
1.83133
1.75561
1.91844
1.65928
1.992
1.57908
2.054
1.5135
2.10686
1.46031
0.341764
2.50076
0.341764
2.50076
0.342179
2.50357
0.343015
2.50917
0.34428
2.51749
0.34599
2.52847
0.348166
2.54202
0.350836
2.558
0.354038
2.57629
0.357818
2.59672
0.362238
2.61911
0.36737
2.64324
0.373309
2.66886
0.380171
2.69569
0.3881
2.72339
0.397276
2.75157
0.407928
2.77976
0.420342
2.80738
0.43488
2.83374
0.452005
2.85802
0.472305
2.87918
0.496529
2.89598
0.525623
2.9069
0.560766
2.91009
0.603389
2.90337
0.655162
2.88428
0.717895
2.85017
0.793338
2.79846
0.882802
2.72716
0.986643
2.63544
1.10369
2.52438
1.23088
2.39738
1.36332
2.26018
1.49501
2.12
1.62006
1.98422
1.73388
1.859
1.83387
1.74832
1.91952
1.65383
1.99191
1.57523
2.05306
1.51093
2.10535
1.45873
0.342458
2.50239
0.342458
2.50239
0.342877
2.50519
0.34372
2.51076
0.344997
2.51905
0.346724
2.53
0.34892
2.54349
0.351616
2.55941
0.354849
2.57762
0.358668
2.59796
0.363132
2.62024
0.368318
2.64424
0.374321
2.66971
0.381258
2.69637
0.389277
2.72387
0.398561
2.75182
0.409342
2.77973
0.42191
2.80703
0.436636
2.83302
0.453988
2.85685
0.474564
2.8775
0.499125
2.89368
0.528628
2.90386
0.564265
2.90619
0.607477
2.89847
0.659931
2.87824
0.723425
2.84286
0.799666
2.78982
0.889887
2.71722
0.994332
2.62439
1.1117
2.51255
1.23878
2.3853
1.37064
2.24844
1.50131
2.10918
1.62502
1.97479
1.73738
1.8512
1.83596
1.74221
1.92038
1.64928
1.99179
1.57202
2.05224
1.50879
2.10405
1.45742
0.343043
2.50374
0.343043
2.50374
0.343466
2.50653
0.344316
2.51209
0.345603
2.52036
0.347343
2.53126
0.349557
2.54471
0.352275
2.56058
0.355535
2.57872
0.359385
2.59898
0.363887
2.62117
0.369119
2.64506
0.375176
2.67041
0.382177
2.69693
0.390272
2.72426
0.399648
2.75201
0.410538
2.77969
0.423237
2.80672
0.438121
2.83239
0.455666
2.85585
0.476477
2.87605
0.501323
2.89171
0.531172
2.90127
0.567227
2.90287
0.610933
2.89431
0.66396
2.87312
0.72809
2.83668
0.804993
2.78254
0.895837
2.70887
1.00077
2.61512
1.11837
2.50267
1.24534
2.37524
1.37669
2.2387
1.50648
2.10024
1.62908
1.96702
1.74021
1.84481
1.83763
1.73721
1.92104
1.64557
1.99166
1.5694
2.05154
1.50706
2.10297
1.45635
0.343517
2.50482
0.343517
2.50482
0.343942
2.50761
0.344797
2.51315
0.346093
2.5214
0.347844
2.53228
0.350072
2.54569
0.352808
2.56151
0.356089
2.5796
0.359965
2.5998
0.364499
2.62191
0.369767
2.64572
0.375868
2.67097
0.382921
2.69736
0.391079
2.72456
0.400528
2.75215
0.411506
2.77964
0.424312
2.80645
0.439325
2.83187
0.457026
2.85502
0.478027
2.87486
0.503104
2.8901
0.533234
2.89916
0.569626
2.90017
0.613732
2.89093
0.66722
2.86896
0.73186
2.83168
0.809291
2.77666
0.900626
2.70214
1.00593
2.60767
1.12371
2.49475
1.25057
2.3672
1.38149
2.23094
1.51058
2.09315
1.63227
1.96087
1.74244
1.83975
1.83893
1.73326
1.92155
1.64264
1.99154
1.56734
2.05097
1.50569
2.10211
1.45552
0.343875
2.50564
0.343875
2.50564
0.344302
2.50842
0.345162
2.51395
0.346463
2.52218
0.348222
2.53304
0.350462
2.54642
0.353211
2.56221
0.356508
2.58026
0.360404
2.60041
0.364961
2.62247
0.370258
2.64621
0.376392
2.67138
0.383485
2.69769
0.391689
2.72478
0.401194
2.75225
0.41224
2.7796
0.425127
2.80624
0.440237
2.83146
0.458057
2.85439
0.479202
2.87396
0.504454
2.88887
0.534797
2.89755
0.571444
2.89812
0.615852
2.88836
0.669687
2.86582
0.73471
2.82789
0.812536
2.77221
0.904236
2.69706
1.00982
2.60206
1.12771
2.48881
1.25449
2.36117
1.38508
2.22514
1.51362
2.08785
1.63464
1.95629
1.74408
1.836
1.83988
1.73034
1.92191
1.64047
1.99145
1.56582
2.05054
1.50469
2.10146
1.45491
0.344116
2.50618
0.344116
2.50618
0.344544
2.50895
0.345406
2.51448
0.346712
2.5227
0.348477
2.53354
0.350723
2.54691
0.353481
2.56268
0.35679
2.5807
0.360699
2.60082
0.365272
2.62284
0.370587
2.64653
0.376743
2.67165
0.383863
2.6979
0.392099
2.72492
0.401642
2.75231
0.412732
2.77957
0.425674
2.8061
0.44085
2.83119
0.458749
2.85396
0.479991
2.87335
0.505361
2.88804
0.535847
2.89647
0.572665
2.89674
0.617275
2.88664
0.671343
2.8637
0.736621
2.82536
0.81471
2.76923
0.906651
2.69366
1.01242
2.59832
1.13039
2.48484
1.25709
2.35716
1.38746
2.22128
1.51564
2.08434
1.6362
1.95326
1.74516
1.83351
1.8405
1.7284
1.92215
1.63904
1.99137
1.56481
2.05025
1.50402
2.10103
1.4545
0.344236
2.50645
0.344236
2.50645
0.344665
2.50922
0.345529
2.51474
0.346837
2.52296
0.348604
2.5338
0.350854
2.54715
0.353617
2.56291
0.356931
2.58092
0.360847
2.60102
0.365428
2.62302
0.370753
2.64669
0.37692
2.67179
0.384053
2.69801
0.392304
2.72499
0.401866
2.75234
0.41298
2.77955
0.425949
2.80603
0.441158
2.83105
0.459097
2.85374
0.480387
2.87304
0.505817
2.88763
0.536374
2.89593
0.573278
2.89605
0.61799
2.88577
0.672174
2.86264
0.737581
2.82408
0.8158
2.76773
0.907862
2.69195
1.01372
2.59644
1.13172
2.48285
1.25839
2.35515
1.38864
2.21935
1.51665
2.08258
1.63698
1.95174
1.74569
1.83227
1.84081
1.72744
1.92226
1.63833
1.99134
1.56431
2.0501
1.50369
2.10081
1.45431
0.344236
2.50645
0.344236
2.50645
0.344665
2.50922
0.345529
2.51474
0.346837
2.52296
0.348604
2.5338
0.350854
2.54715
0.353617
2.56291
0.356931
2.58092
0.360847
2.60102
0.365428
2.62302
0.370753
2.64669
0.37692
2.67179
0.384053
2.69801
0.392304
2.72499
0.401866
2.75234
0.41298
2.77955
0.425949
2.80603
0.441158
2.83105
0.459097
2.85374
0.480387
2.87304
0.505817
2.88763
0.536374
2.89593
0.573278
2.89605
0.61799
2.88577
0.672174
2.86264
0.737581
2.82408
0.8158
2.76773
0.907862
2.69195
1.01372
2.59644
1.13172
2.48285
1.25839
2.35515
1.38864
2.21935
1.51665
2.08258
1.63698
1.95174
1.74569
1.83227
1.84081
1.72744
1.92226
1.63833
1.99134
1.56431
2.0501
1.50369
2.10081
1.45431
