0.366209
4.27698
0.374881
4.35704
0.384355
4.43573
0.394739
4.51277
0.406156
4.58787
0.418755
4.6607
0.432713
4.73091
0.448241
4.79811
0.465594
4.86185
0.48508
4.92163
0.507077
4.97689
0.532048
5.02696
0.560567
5.07104
0.593353
5.10819
0.631305
5.13728
0.675569
5.15691
0.727604
5.16534
0.789285
5.1604
0.86303
5.13933
0.951961
5.09866
1.06009
5.03395
1.19248
4.93969
1.35535
4.80915
1.55586
4.63465
1.80126
4.40844
2.0969
4.12471
2.4429
3.78312
2.83011
3.39299
3.23781
2.97569
3.63681
2.56164
3.99797
2.18159
4.30155
1.85707
4.5411
1.59617
4.72096
1.39587
4.85102
1.24724
4.94231
1.1399
5.00453
1.06455
5.0452
1.01389
5.06959
0.982785
5.08101
0.968004
5.08101
0.968004
0.366209
4.27698
0.374881
4.35704
0.384355
4.43573
0.394739
4.51277
0.406156
4.58787
0.418755
4.6607
0.432713
4.73091
0.448241
4.79811
0.465594
4.86185
0.48508
4.92163
0.507077
4.97689
0.532048
5.02696
0.560567
5.07104
0.593353
5.10819
0.631305
5.13728
0.675569
5.15691
0.727604
5.16534
0.789285
5.1604
0.86303
5.13933
0.951961
5.09866
1.06009
5.03395
1.19248
4.93969
1.35535
4.80915
1.55586
4.63465
1.80126
4.40844
2.09689
4.12471
2.4429
3.78312
2.83011
3.39299
3.23782
2.97569
3.63681
2.56163
3.99797
2.18159
4.30155
1.85707
4.5411
1.59617
4.72095
1.39588
4.85101
1.24725
4.9423
1.13991
5.00452
1.06455
5.0452
1.01389
5.06959
0.982786
5.08101
0.968004
5.08101
0.968004
0.366491
4.27697
0.375199
4.35697
0.384715
4.43559
0.395147
4.51255
0.406622
4.58755
0.41929
4.66028
0.433331
4.73036
0.448959
4.79741
0.466434
4.86097
0.486069
4.92055
0.508249
4.97555
0.533449
5.02531
0.562255
5.06901
0.595404
5.10569
0.633823
5.13419
0.678689
5.15306
0.731511
5.16053
0.794231
5.15434
0.869362
5.13163
0.960156
5.08879
1.0708
5.02119
1.20659
4.92307
1.37403
4.7874
1.58053
4.60623
1.83345
4.37166
2.13787
4.07817
2.49293
3.72644
2.88766
3.32764
3.29927
2.90531
3.69721
2.49131
4.05271
2.11612
4.34777
1.79953
4.57803
1.54753
4.74933
1.35556
4.87228
1.21392
4.95807
1.11204
5.01626
1.04071
5.05415
0.992842
5.07682
0.963483
5.08741
0.949541
5.08741
0.949541
0.367058
4.27694
0.375837
4.35682
0.385436
4.4353
0.395967
4.5121
0.407559
4.58691
0.420367
4.65942
0.434576
4.72925
0.450406
4.79599
0.468127
4.8592
0.488065
4.91835
0.510619
4.97284
0.536284
5.02196
0.565677
5.06488
0.599571
5.1006
0.638945
5.12789
0.685051
5.14522
0.739498
5.1507
0.804371
5.14193
0.882383
5.11582
0.977064
5.06846
1.09298
4.99481
1.23591
4.88859
1.41292
4.74219
1.63192
4.54709
1.90038
4.29525
2.22257
3.98201
2.59522
3.61047
3.00344
3.19587
3.42034
2.76605
3.81347
2.35496
4.15561
1.99163
4.43274
1.69191
4.64449
1.45775
4.79931
1.28189
4.90888
1.15345
4.98447
1.06173
5.03527
0.99781
5.0681
0.955052
5.08763
0.928876
5.09672
0.916458
5.09672
0.916458
0.367914
4.27689
0.3768
4.35658
0.386527
4.43484
0.397208
4.51139
0.408978
4.58593
0.422
4.6581
0.436464
4.72754
0.452605
4.79382
0.470705
4.85648
0.491108
4.91497
0.514239
4.96866
0.540625
5.01681
0.570929
5.05854
0.605984
5.09275
0.646855
5.11814
0.694912
5.13306
0.75193
5.13541
0.82023
5.12253
0.902855
5.091
1.00379
5.03637
1.12823
4.95297
1.28275
4.83366
1.47524
4.66989
1.71429
4.45246
2.00714
4.17352
2.35601
3.83047
2.75305
3.43115
3.17692
2.99751
3.59537
2.56301
3.97513
2.16267
4.2933
1.82137
4.54233
1.54844
4.7272
1.3404
4.8592
1.18697
4.95083
1.07636
5.01303
0.998052
5.05426
0.943799
5.0806
0.907639
5.09613
0.885551
5.10332
0.875084
5.10332
0.875084
0.369064
4.27678
0.378098
4.35622
0.387997
4.43419
0.398883
4.51041
0.410896
4.58456
0.424209
4.65628
0.439025
4.72518
0.455593
4.79084
0.474214
4.85275
0.495261
4.91033
0.519193
4.96292
0.546586
5.00972
0.578166
5.04976
0.614858
5.08187
0.657852
5.10458
0.708695
5.11605
0.769413
5.11392
0.842684
5.09512
0.932055
5.05567
1.04222
4.99039
1.17929
4.89257
1.35098
4.75388
1.56631
4.56457
1.8343
4.3149
2.16095
3.99829
2.54406
3.61666
2.96796
3.18594
3.40272
2.73704
3.81166
2.30824
4.16447
1.93191
4.44638
1.62482
4.65816
1.38789
4.81012
1.21211
4.91562
1.08496
4.98713
0.994506
5.03466
0.931026
5.06557
0.887298
5.08499
0.858257
5.09628
0.840555
5.10145
0.832177
5.10145
0.832177
0.37052
4.27661
0.379741
4.35572
0.389862
4.43333
0.401009
4.50912
0.413337
4.58276
0.427026
4.6539
0.442297
4.72212
0.45942
4.78696
0.478723
4.84788
0.500614
4.90428
0.525603
4.95542
0.55433
5.00044
0.587614
5.03825
0.626508
5.06754
0.672381
5.08664
0.727037
5.09343
0.792869
5.08512
0.873081
5.05808
0.971968
5.00753
1.09525
4.92716
1.25037
4.80884
1.4465
4.64265
1.69377
4.41765
2.00076
4.12448
2.36969
3.76042
2.79004
3.33597
3.23501
2.87865
3.66634
2.42818
4.04779
2.02288
4.35781
1.68648
4.5928
1.42452
4.7617
1.22955
4.87851
1.08859
4.95707
0.988432
5.0088
0.918018
5.04223
0.868981
5.06337
0.835366
5.0763
0.813109
5.08364
0.799568
5.08695
0.793165
5.08695
0.793165
0.372292
4.27633
0.381745
4.35505
0.39214
4.43219
0.403614
4.50745
0.416332
4.58048
0.430492
4.65089
0.446335
4.71825
0.464157
4.78206
0.484325
4.84175
0.507293
4.89665
0.533636
4.94595
0.564089
4.98866
0.599594
5.02359
0.641384
5.04919
0.691085
5.06352
0.750868
5.06404
0.823661
5.04738
0.913436
5.00907
1.02558
4.94314
1.16725
4.84171
1.34766
4.69478
1.57759
4.49065
1.8675
4.21798
2.22301
3.8704
2.63807
3.45371
3.08918
2.99188
3.53765
2.52494
3.94251
2.09592
4.2761
1.73482
4.53054
1.45169
4.7133
1.24074
4.83887
1.08869
4.92235
0.981162
4.97644
0.905864
5.01071
0.853424
5.03194
0.817124
5.04474
0.792336
5.05218
0.775965
5.05621
0.766019
5.05795
0.76132
5.05795
0.76132
0.374397
4.27591
0.38413
4.35415
0.394857
4.43074
0.406728
4.50536
0.419923
4.57763
0.43466
4.64716
0.451208
4.71346
0.469898
4.77601
0.491143
4.83417
0.515463
4.8872
0.543522
4.93417
0.576178
4.97397
0.61455
5.00519
0.660121
5.02602
0.714883
5.03409
0.781538
5.02626
0.863792
4.99834
0.966734
4.94461
1.09729
4.85744
1.26458
4.72684
1.47983
4.54061
1.75484
4.28593
2.09793
3.95356
2.50681
3.54529
2.96124
3.08163
3.42271
2.60227
3.84655
2.15395
4.19965
1.77226
4.47009
1.4715
4.66389
1.24754
4.79597
1.08682
4.88258
0.973904
4.9376
0.89539
4.9715
0.841009
4.9917
0.803401
5.00326
0.777489
5.00953
0.759849
5.01271
0.748223
5.01417
0.74117
5.01472
0.737841
5.01472
0.737841
0.376855
4.2753
0.386922
4.35297
0.398047
4.42891
0.410394
4.50276
0.424164
4.57413
0.439602
4.64259
0.457009
4.70762
0.476763
4.76862
0.49934
4.8249
0.525347
4.87561
0.555568
4.91968
0.59103
4.9558
0.633098
4.98229
0.683612
4.99691
0.745088
4.99674
0.821004
4.97777
0.916194
4.93456
1.03734
4.85967
1.19347
4.74318
1.39604
4.57258
1.65785
4.33392
1.98937
4.01568
2.39151
3.61622
2.84707
3.15279
3.3182
2.66429
3.75729
2.20041
4.12642
1.80167
4.4099
1.48633
4.6124
1.25184
4.74919
1.08441
4.8376
0.967651
4.89254
0.887151
4.9253
0.831853
4.94383
0.793853
4.95353
0.767714
4.95798
0.749773
4.95951
0.737596
4.95962
0.729589
4.95925
0.72474
4.95895
0.722454
4.95895
0.722454
0.379692
4.27444
0.390153
4.35145
0.401749
4.42661
0.414664
4.49955
0.429123
4.56986
0.445404
4.63703
0.463854
4.70053
0.48491
4.75966
0.509132
4.81364
0.537241
4.86147
0.570188
4.90192
0.609235
4.93338
0.656095
4.95378
0.713122
4.96032
0.783593
4.9492
0.872112
4.9152
0.985134
4.85109
1.13153
4.74704
1.3229
4.59037
1.57276
4.3663
1.89327
4.06144
2.28809
3.67122
2.7429
3.20981
3.22084
2.71502
3.67201
2.23876
4.05428
1.82594
4.34847
1.49847
4.55788
1.25537
4.69811
1.08268
4.78743
0.963151
4.8417
0.881472
4.87292
0.825893
4.8895
0.788044
4.89711
0.762194
4.89949
0.744497
4.89907
0.7324
4.8974
0.72422
4.89547
0.718859
4.8939
0.71562
4.89303
0.714096
4.89303
0.714096
0.382939
4.27328
0.393862
4.3495
0.406014
4.42376
0.419602
4.49563
0.434883
4.56467
0.452179
4.63032
0.471893
4.69196
0.494543
4.74883
0.520798
4.79999
0.551539
4.84426
0.587943
4.88015
0.63161
4.90567
0.684748
4.91817
0.750455
4.91404
0.833122
4.88824
0.938975
4.83375
1.07671
4.7409
1.25793
4.59692
1.49666
4.38643
1.80641
4.09457
2.19321
3.7142
2.64548
3.25659
3.12764
2.75808
3.5882
2.27221
3.98128
1.84772
4.28444
1.50999
4.49957
1.25962
4.64248
1.0826
4.73227
0.960931
4.78564
0.87851
4.81523
0.822968
4.82985
0.785528
4.8354
0.760208
4.83573
0.743017
4.83334
0.731313
4.82982
0.723358
4.82615
0.718008
4.82299
0.71452
4.82069
0.712422
4.8195
0.711437
4.8195
0.711437
0.386632
4.27172
0.398097
4.34705
0.410903
4.42025
0.425289
4.49086
0.441553
4.55839
0.460069
4.62223
0.48132
4.68164
0.505927
4.73575
0.534711
4.78343
0.56877
4.82327
0.609605
4.85338
0.659291
4.87123
0.720762
4.87338
0.7982
4.85498
0.897598
4.80923
1.02744
4.72664
1.19924
4.59446
1.42734
4.39694
1.72628
4.11803
2.10418
3.74836
2.55208
3.29637
3.03608
2.79661
3.50368
2.30358
3.90577
1.86934
4.21672
1.52266
4.43694
1.26581
4.58224
1.08491
4.67242
0.961344
4.72496
0.878309
4.75305
0.822875
4.76588
0.785893
4.76955
0.761158
4.76803
0.744549
4.76384
0.733354
4.75859
0.725795
4.75327
0.720701
4.74851
0.717307
4.74469
0.715113
4.74204
0.713803
4.74069
0.713191
4.74069
0.713191
0.390818
4.2697
0.402916
4.34398
0.416493
4.41593
0.431825
4.48507
0.449264
4.55082
0.469255
4.61248
0.492382
4.66921
0.519408
4.71994
0.551364
4.76331
0.589654
4.79756
0.636235
4.82026
0.693878
4.82811
0.766566
4.81647
0.860048
4.77876
0.982548
4.70574
1.14543
4.58475
1.36313
4.39987
1.65099
4.13413
2.01893
3.77622
2.46057
3.3318
2.94409
2.83321
3.41665
2.33523
3.82638
1.89279
4.14447
1.53795
4.36962
1.27492
4.51743
1.09017
4.60826
0.964624
4.66025
0.880851
4.68715
0.825404
4.69848
0.788781
4.70056
0.76456
4.69745
0.748496
4.69171
0.737809
4.68497
0.730685
4.6782
0.725935
4.67203
0.72278
4.66681
0.72071
4.66276
0.719392
4.66
0.718615
4.65861
0.718255
4.65861
0.718255
0.395551
4.26709
0.408391
4.34016
0.422876
4.41067
0.439335
4.47807
0.458184
4.5417
0.479967
4.60074
0.505401
4.6542
0.535447
4.70076
0.571425
4.73875
0.615175
4.76586
0.669316
4.77894
0.737626
4.77354
0.825598
4.74333
0.941164
4.67934
1.09542
4.56914
1.30278
4.39677
1.57912
4.14464
1.93589
3.79972
2.36934
3.36492
2.85009
2.86994
3.32572
2.36909
3.74203
1.91966
4.06705
1.55707
4.29739
1.28775
4.44818
1.09881
4.54015
0.970926
4.59208
0.886091
4.6182
0.830366
4.62842
0.793897
4.62924
0.770036
4.62485
0.754407
4.61786
0.744158
4.60989
0.737434
4.60194
0.733029
4.59459
0.730153
4.58819
0.728289
4.58294
0.727099
4.57894
0.726361
4.57625
0.725937
4.5749
0.725744
4.5749
0.725744
0.400897
4.26379
0.414607
4.33545
0.430168
4.40426
0.447973
4.4696
0.468527
4.5307
0.492502
4.58658
0.520799
4.63603
0.554654
4.67741
0.595798
4.70856
0.646696
4.72646
0.710922
4.72687
0.793698
4.70372
0.902625
4.64835
1.04845
4.54867
1.2454
4.38883
1.50966
4.15087
1.85401
3.82029
2.27726
3.39724
2.75296
2.90835
3.22985
2.40666
3.65194
1.95126
3.98397
1.581
4.22012
1.30493
4.37464
1.11119
4.46848
0.980374
4.52094
0.893988
4.5468
0.837608
4.55632
0.801006
4.55626
0.777294
4.55091
0.761946
4.54296
0.752024
4.53406
0.745625
4.52519
0.741519
4.51693
0.738904
4.50961
0.737258
4.5034
0.736237
4.4984
0.735619
4.49464
0.735257
4.49213
0.73506
4.49088
0.734975
4.49088
0.734975
0.406935
4.25966
0.42167
4.32966
0.438511
4.39648
0.457933
4.45938
0.480563
4.51743
0.507244
4.56947
0.539135
4.61394
0.577856
4.6488
0.625724
4.67116
0.686103
4.67701
0.763933
4.66056
0.866444
4.61349
1.00397
4.52413
1.19038
4.37693
1.44196
4.15374
1.77261
3.83889
2.18366
3.42977
2.65201
2.9495
3.12835
2.44902
3.5555
1.98861
3.89486
1.61056
4.13768
1.32703
4.29693
1.12763
4.39353
0.993088
4.44727
0.904524
4.47345
0.847014
4.48273
0.809934
4.48215
0.786117
4.47617
0.770866
4.46756
0.761135
4.45799
0.754964
4.44846
0.751087
4.43955
0.748687
4.43157
0.747231
4.42467
0.746374
4.41893
0.74589
4.41436
0.745632
4.41095
0.745504
4.4087
0.745448
4.40757
0.745428
4.40757
0.745428
0.413763
4.25451
0.42971
4.32259
0.448081
4.38706
0.469462
4.44703
0.494641
4.5014
0.524699
4.54869
0.561153
4.58695
0.606168
4.61348
0.6629
4.62444
0.73599
4.61436
0.832268
4.57532
0.961575
4.49612
1.13732
4.36167
1.37567
4.15388
1.69138
3.85609
2.08826
3.46308
2.54692
2.99403
3.02084
2.49691
3.45232
2.03247
3.79942
1.64644
4.04997
1.35456
4.21515
1.14843
4.31556
1.00921
4.3714
0.917717
4.39853
0.85852
4.40807
0.820557
4.40737
0.796349
4.40107
0.780986
4.39207
0.771296
4.38208
0.765241
4.37214
0.761511
4.36281
0.759263
4.35441
0.757953
4.34707
0.757229
4.34084
0.756862
4.33573
0.756705
4.3317
0.756662
4.32871
0.756672
4.32675
0.756696
4.32577
0.756714
4.32577
0.756714
0.421496
4.24817
0.438887
4.31399
0.459101
4.37565
0.482874
4.4321
0.511214
4.48196
0.545533
4.52336
0.587851
4.55375
0.641107
4.56954
0.709639
4.56553
0.799849
4.53427
0.921029
4.46509
1.086
4.34348
1.31064
4.15162
1.6103
3.87214
1.99112
3.49732
2.43774
3.04213
2.90723
2.55071
3.34217
2.08341
3.69742
1.68923
3.95686
1.38801
4.12929
1.17392
4.23469
1.02893
4.29358
0.933631
4.32236
0.872107
4.33268
0.832807
4.33225
0.807884
4.32595
0.792181
4.31681
0.782369
4.30664
0.77631
4.2965
0.772636
4.28697
0.770472
4.27836
0.769253
4.2708
0.768619
4.26432
0.768337
4.25891
0.768258
4.25451
0.768285
4.25108
0.768357
4.24855
0.768437
4.2469
0.768502
4.24607
0.768537
4.24607
0.768537
0.430279
4.24039
0.449399
4.30353
0.471851
4.36185
0.498572
4.41402
0.530875
4.45831
0.570631
4.49231
0.620568
4.51263
0.68471
4.51443
0.769016
4.4907
0.882183
4.43137
1.03636
4.32262
1.24691
4.1471
1.52957
3.887
1.89262
3.53234
2.32483
3.09365
2.78768
2.61047
3.22498
2.14174
3.58864
1.7394
3.85814
1.42786
4.03928
1.20448
4.151
1.05247
4.21396
0.95239
4.24517
0.887814
4.25682
0.846662
4.25706
0.820664
4.25106
0.804371
4.24204
0.794258
4.2319
0.788067
4.22175
0.784355
4.21221
0.7822
4.20358
0.781015
4.19599
0.780423
4.18947
0.780186
4.18397
0.78015
4.17944
0.780219
4.17581
0.780332
4.17299
0.780452
4.17094
0.780556
4.1696
0.780632
4.16894
0.780671
4.16894
0.780671
0.440288
4.2309
0.461494
4.29086
0.486687
4.34513
0.517078
4.39206
0.554398
4.42941
0.601162
4.45401
0.661081
4.46135
0.739658
4.44488
0.844963
4.39519
0.988384
4.29924
1.18465
4.14031
1.44959
3.90046
1.79332
3.56768
2.20883
3.1481
2.66264
2.67592
3.10083
2.20757
3.4729
1.79736
3.75359
1.47459
3.94495
1.24054
4.06441
1.08015
4.1326
0.97418
4.16707
0.905732
4.18065
0.862148
4.18199
0.834675
4.17661
0.817513
4.16794
0.806906
4.15802
0.800444
4.14804
0.796592
4.13865
0.794371
4.13016
0.793158
4.12271
0.792559
4.11632
0.792324
4.11093
0.792293
4.10648
0.792369
4.10286
0.792492
4.1
0.792624
4.09781
0.792745
4.09623
0.792842
4.09521
0.792909
4.09471
0.792944
4.09471
0.792944
0.451743
4.21936
0.475487
4.2755
0.504065
4.32485
0.539066
4.36531
0.582799
4.39393
0.638663
4.40652
0.711704
4.39703
0.809346
4.35673
0.942163
4.27341
1.12411
4.13114
1.37083
3.91212
1.69399
3.6027
2.09063
3.20471
2.53282
2.74646
2.97002
2.28075
3.35012
1.86339
3.64291
1.52868
3.84604
1.28257
3.97477
1.11235
4.04944
0.999259
4.0881
0.926017
4.10427
0.879344
4.10716
0.84994
4.10273
0.831598
4.09465
0.820282
4.08514
0.8134
4.07548
0.8093
4.06637
0.806932
4.05817
0.80563
4.05101
0.804972
4.04489
0.804694
4.03977
0.804629
4.03556
0.804676
4.03215
0.804774
4.02945
0.804885
4.02735
0.80499
4.02578
0.80508
4.02466
0.805148
4.02395
0.805194
4.0236
0.805217
4.0236
0.805217
0.464916
4.20536
0.491772
4.2569
0.524568
4.30022
0.565409
4.3326
0.617393
4.35017
0.685111
4.34735
0.775339
4.31611
0.897799
4.24514
1.06555
4.11942
1.29385
3.92153
1.5955
3.6366
1.9713
3.26245
2.39916
2.82122
2.83304
2.36087
3.22027
1.9376
3.5258
1.5906
3.74217
1.3311
3.8818
1.14951
3.96433
1.02796
4.00822
0.948887
4.0277
0.898379
4.03266
0.866528
4.0295
0.846652
4.02225
0.834385
4.01333
0.826916
4.00414
0.822451
3.99545
0.819851
3.98764
0.818394
3.98088
0.817625
3.97516
0.81726
3.97044
0.817122
3.96662
0.817104
3.96358
0.81714
3.96121
0.817196
3.95939
0.817252
3.95804
0.8173
3.95706
0.817335
3.95639
0.81736
3.95597
0.817375
3.95577
0.817382
3.95577
0.817382
0.480146
4.1884
0.510847
4.23435
0.548938
4.27022
0.597223
4.29247
0.659853
4.296
0.742962
4.27345
0.855408
4.21443
1.00928
4.10495
1.21922
3.9282
1.49875
3.66851
1.85202
3.32016
2.26284
2.89902
2.69065
2.44721
3.08351
2.01992
3.40198
1.66073
3.63292
1.38672
3.78511
1.19219
3.87699
1.06071
3.92726
0.974635
3.95089
0.919442
3.95847
0.884549
3.95697
0.862733
3.95081
0.84924
3.94266
0.840996
3.93406
0.836036
3.9259
0.83311
3.91859
0.831429
3.91232
0.830496
3.90711
0.829999
3.90289
0.829749
3.89958
0.829629
3.89704
0.82957
3.89514
0.829537
3.89377
0.829509
3.89281
0.82948
3.89217
0.829448
3.89176
0.829415
3.89151
0.829386
3.89137
0.829365
3.89131
0.829353
3.89131
0.829353
0.497859
4.16788
0.533341
4.20698
0.578116
4.23361
0.635911
4.24313
0.712237
4.22885
0.815095
4.18129
0.955558
4.08755
1.14746
3.93166
1.40465
3.69755
1.73406
3.37656
2.12523
2.97848
2.54384
2.53875
2.94017
2.11002
3.2712
1.73935
3.51779
1.44999
3.6842
1.24099
3.78704
1.09801
3.845
1.00363
3.8737
0.942784
3.88454
0.904163
3.88513
0.879937
3.88033
0.864899
3.87313
0.855664
3.86527
0.850061
3.85773
0.846706
3.851
0.844727
3.84531
0.843572
3.84068
0.842898
3.83706
0.842497
3.83435
0.842239
3.83241
0.842053
3.83111
0.841897
3.83031
0.841753
3.8299
0.841613
3.82975
0.841478
3.82978
0.841353
3.82991
0.841243
3.83006
0.841154
3.83019
0.841091
3.83026
0.841059
3.83026
0.841059
0.518581
4.14306
0.560039
4.17376
0.613268
4.18888
0.683183
4.18239
0.776948
4.14573
0.904598
4.06708
1.07902
3.93148
1.31403
3.7229
1.61869
3.43034
1.98784
3.058
2.3939
2.63413
2.79086
2.20725
3.13339
1.82657
3.39628
1.52148
3.57849
1.29658
3.694
1.14045
3.76106
1.03634
3.79591
0.968728
3.81074
0.925584
3.8139
0.898399
3.81079
0.881444
3.80475
0.870966
3.79776
0.864549
3.79093
0.860649
3.78487
0.858288
3.77981
0.85685
3.77582
0.855952
3.77287
0.85536
3.77083
0.854931
3.76958
0.854584
3.76896
0.854275
3.76885
0.853983
3.7691
0.853701
3.76959
0.85343
3.77022
0.853178
3.77088
0.85295
3.77151
0.852756
3.77204
0.852603
3.77242
0.852497
3.77262
0.852443
3.77262
0.852443
0.542963
4.11305
0.591903
4.13339
0.655801
4.1342
0.741022
4.10779
0.856568
4.04345
1.01429
3.92734
1.22759
3.74383
1.5071
3.48025
1.85225
3.13592
2.24235
2.73171
2.6365
2.31059
2.98864
1.92222
3.26794
1.60162
3.46732
1.35967
3.59725
1.18873
3.675
1.07331
3.71719
0.997675
3.73687
0.949089
3.74317
0.918301
3.74212
0.898989
3.73747
0.886973
3.73149
0.879542
3.72549
0.87496
3.72015
0.872123
3.71578
0.870335
3.7125
0.869163
3.71025
0.868339
3.70894
0.867704
3.70844
0.867166
3.70858
0.866674
3.70923
0.866204
3.71024
0.865751
3.71148
0.865314
3.71282
0.864901
3.71417
0.864522
3.71543
0.864188
3.71654
0.863906
3.71742
0.863688
3.71803
0.863538
3.71834
0.863462
3.71834
0.863462
0.571792
4.0768
0.630082
4.08439
0.707341
4.06753
0.81157
4.01663
0.953516
3.91901
1.14594
3.75974
1.40036
3.52518
1.72003
3.21055
2.09093
2.82963
2.47836
2.41865
2.83737
2.02579
3.13244
1.69071
3.35002
1.43092
3.49608
1.24358
3.58622
1.11518
3.63714
1.03012
3.66266
0.975025
3.67277
0.939877
3.6742
0.917687
3.67123
0.903781
3.66644
0.8951
3.66136
0.889677
3.65681
0.886255
3.65318
0.884041
3.65063
0.882537
3.64913
0.88144
3.64859
0.880564
3.64888
0.879803
3.64984
0.8791
3.65132
0.878426
3.65316
0.877773
3.65523
0.877141
3.65739
0.87654
3.65953
0.875979
3.66155
0.87547
3.66337
0.875025
3.66491
0.874656
3.66612
0.87437
3.66695
0.874176
3.66737
0.874077
3.66737
0.874077
0.606
4.03308
0.675896
4.02505
0.769644
3.98664
0.896874
3.90636
1.06948
3.77022
1.29934
3.56418
1.59264
3.28031
1.94146
2.92587
2.31802
2.52965
2.68035
2.13638
2.98968
1.78876
3.22594
1.51096
3.38973
1.30581
3.49405
1.16269
3.55523
1.06664
3.58773
1.00382
3.60246
0.963425
3.6069
0.937739
3.60592
0.92152
3.60252
0.911307
3.59848
0.904852
3.59479
0.900717
3.59195
0.897988
3.59016
0.896091
3.58944
0.894673
3.5897
0.89352
3.59081
0.892507
3.59262
0.891565
3.59497
0.89066
3.5977
0.889781
3.60066
0.888929
3.60371
0.888111
3.60673
0.887339
3.60961
0.886627
3.61226
0.885987
3.6146
0.885433
3.61655
0.884975
3.61806
0.884623
3.6191
0.884384
3.61962
0.884263
3.61962
0.884263
0.646649
3.9805
0.730772
3.95357
0.84442
3.88938
0.998484
3.775
1.20471
3.59652
1.47138
3.34378
1.79581
3.0184
2.15735
2.6415
2.51874
2.2526
2.83984
1.89544
3.09457
1.60023
3.27738
1.37621
3.39768
1.21666
3.47082
1.10793
3.51164
1.03599
3.53192
0.989313
3.54
0.959396
3.54141
0.940361
3.53964
0.928272
3.53679
0.920557
3.53405
0.915555
3.53204
0.912206
3.53103
0.909844
3.5311
0.908054
3.53217
0.906585
3.53413
0.905287
3.53681
0.904079
3.54006
0.902919
3.54372
0.901791
3.54761
0.900694
3.55161
0.899635
3.55558
0.898626
3.5594
0.897683
3.56298
0.896819
3.56621
0.896049
3.56902
0.895386
3.57136
0.894841
3.57315
0.894424
3.57437
0.894142
3.57499
0.893999
3.57499
0.893999
0.694889
3.91757
0.796121
3.86815
0.933047
3.77399
1.11692
3.62172
1.35729
3.39979
1.65572
3.10528
1.99844
2.75191
2.35416
2.3726
2.68353
2.00995
2.95561
1.69891
3.15824
1.45551
3.29626
1.27795
3.38315
1.15477
3.4338
1.07216
3.46074
1.01799
3.47322
0.982976
3.47752
0.960516
3.47768
0.94614
3.47619
0.936886
3.47449
0.930831
3.47337
0.926738
3.47317
0.923826
3.47404
0.921604
3.47593
0.919775
3.47874
0.91816
3.48231
0.916659
3.48648
0.915219
3.49108
0.913819
3.49595
0.912454
3.50093
0.911131
3.5059
0.909863
3.51072
0.908664
3.51529
0.907551
3.5195
0.906538
3.52327
0.90564
3.52652
0.904871
3.52921
0.904241
3.53126
0.90376
3.53265
0.903435
3.53336
0.903272
3.53336
0.903272
0.751868
3.84284
0.873134
3.76726
1.03619
3.63954
1.25113
3.44751
1.52274
3.1848
1.84339
2.85849
2.18859
2.49414
2.52185
2.13093
2.80906
1.80679
3.03164
1.54427
3.18885
1.34746
3.29138
1.20803
3.35353
1.11305
3.38843
1.05001
3.40621
1.00887
3.414
0.982258
3.41648
0.965093
3.41658
0.953962
3.41605
0.946626
3.41587
0.941638
3.41652
0.938073
3.41819
0.93535
3.4209
0.933112
3.42455
0.931143
3.42901
0.92932
3.43411
0.927576
3.43967
0.925882
3.44553
0.924229
3.45153
0.922622
3.45752
0.921073
3.46338
0.919596
3.46899
0.91821
3.47424
0.916929
3.47904
0.915771
3.48331
0.914749
3.48697
0.913876
3.48998
0.913164
3.49227
0.912621
3.49383
0.912256
3.49461
0.912072
3.49461
0.912072
0.818595
3.75499
0.962515
3.64995
1.15337
3.48637
1.39809
3.25555
1.69426
2.95897
2.02429
2.61464
2.35639
2.25651
2.65542
1.92316
2.89713
1.6428
3.07458
1.42599
3.19454
1.26864
3.27002
1.15948
3.31437
1.08603
3.33855
1.03755
3.35057
1.00592
3.35584
0.985363
3.35782
0.971942
3.35862
0.963047
3.35947
0.956976
3.36099
0.952634
3.36349
0.949326
3.36701
0.946622
3.3715
0.944258
3.37684
0.942081
3.38285
0.940009
3.38937
0.937999
3.39622
0.936038
3.40325
0.934128
3.4103
0.932278
3.41723
0.930504
3.42391
0.928824
3.43025
0.927254
3.43613
0.925811
3.44147
0.924512
3.4462
0.92337
3.45024
0.922398
3.45354
0.921606
3.45606
0.921005
3.45776
0.9206
3.45861
0.920396
3.45861
0.920396
0.895749
3.65312
1.06417
3.51618
1.28266
3.31655
1.55283
3.05131
1.86364
2.73144
2.18922
2.3843
2.4957
2.04671
2.75462
1.75098
2.95265
1.51419
3.09166
1.33754
3.18237
1.21237
3.23784
1.12679
3.2697
1.06961
3.28685
1.03193
3.2955
1.00724
3.29972
0.991023
3.30207
0.980227
3.30406
0.972844
3.30652
0.967571
3.30985
0.963576
3.31419
0.960336
3.3195
0.957529
3.3257
0.954965
3.33262
0.952537
3.34008
0.95019
3.34793
0.947902
3.35599
0.94567
3.36409
0.943502
3.37211
0.941413
3.3799
0.939421
3.38735
0.937542
3.39435
0.935794
3.40081
0.934196
3.40665
0.932761
3.4118
0.931503
3.41619
0.930436
3.41977
0.929569
3.42249
0.92891
3.42432
0.928468
3.42524
0.928246
3.42524
0.928246
0.98346
3.53699
1.17695
3.36717
1.42057
3.13389
1.70896
2.84193
2.02276
2.51151
2.33149
2.17552
2.60449
1.86815
2.82253
1.61245
2.98175
1.41562
3.08955
1.27271
3.15798
1.17316
3.19901
1.10571
3.22237
1.06078
3.23513
1.03109
3.24207
1.01146
3.24626
0.998338
3.24955
0.989358
3.25302
0.982964
3.25722
0.978155
3.26236
0.974294
3.26849
0.970986
3.27552
0.967995
3.28332
0.965183
3.29172
0.962476
3.30055
0.959842
3.30962
0.957271
3.31879
0.954769
3.32789
0.952348
3.33679
0.950026
3.34538
0.94782
3.35353
0.94575
3.36115
0.943833
3.36814
0.942085
3.37444
0.94052
3.37998
0.939153
3.38468
0.937994
3.38851
0.937055
3.39142
0.936343
3.39338
0.935865
3.39436
0.935625
3.39436
0.935625
1.0811
3.40722
1.2985
3.2055
1.56231
2.94377
1.85962
2.63521
2.16494
2.30707
2.44771
1.99302
2.68404
1.72069
2.86398
1.50357
2.99053
1.34148
3.07383
1.22612
3.12571
1.14667
3.15658
1.09309
3.17435
1.05735
3.1846
1.03356
3.19099
1.0176
3.19581
1.00667
3.2004
0.998914
3.2055
0.993132
3.21146
0.988545
3.21839
0.984667
3.22624
0.981201
3.23489
0.97797
3.2442
0.974879
3.25398
0.971879
3.26406
0.968952
3.27427
0.9661
3.28446
0.963332
3.29448
0.960665
3.3042
0.958118
3.31351
0.955709
3.32231
0.953456
3.33049
0.951376
3.33798
0.949485
3.3447
0.947797
3.35059
0.946325
3.35558
0.945081
3.35964
0.944073
3.36272
0.94331
3.36479
0.942798
3.36584
0.942541
3.36584
0.942541
1.18717
3.26549
1.42535
3.03508
1.70236
2.75249
1.99861
2.43841
2.28591
2.1236
2.53752
1.83828
2.73774
1.60182
2.88428
1.4196
2.98434
1.28667
3.04891
1.19339
3.08877
1.12957
3.11266
1.08656
3.12697
1.05771
3.13604
1.03827
3.14266
1.02495
3.14853
1.01555
3.15462
1.0086
3.16142
1.00315
3.16914
0.998615
3.17778
0.994615
3.18726
0.990927
3.19744
0.987423
3.20815
0.984035
3.2192
0.980736
3.23044
0.977518
3.2417
0.97439
3.25283
0.971364
3.26369
0.968461
3.27417
0.965698
3.28415
0.963093
3.29353
0.960666
3.30223
0.958432
3.31017
0.956406
3.31728
0.954602
3.32349
0.953031
3.32876
0.951705
3.33303
0.950633
3.33627
0.949822
3.33844
0.949277
3.33954
0.949004
3.33954
0.949004
1.29925
3.11453
1.55328
2.86076
1.83531
2.56634
2.12131
2.25725
2.38397
1.96387
2.60283
1.71028
2.76992
1.5078
2.88842
1.35585
2.9676
1.24688
3.01815
1.17109
3.04946
1.11937
3.06875
1.08439
3.08111
1.0607
3.08991
1.04446
3.09728
1.03303
3.10448
1.02466
3.11217
1.01819
3.12068
1.01289
3.13009
1.00828
3.14037
1.00408
3.15138
1.00013
3.16298
0.996336
3.17498
0.992645
3.18722
0.989047
3.19953
0.985544
3.21175
0.982147
3.22374
0.978875
3.23538
0.975744
3.24655
0.972775
3.25714
0.969986
3.26706
0.967394
3.27624
0.965014
3.28459
0.96286
3.29205
0.960946
3.29856
0.959283
3.30407
0.95788
3.30854
0.956747
3.31192
0.95589
3.31419
0.955316
3.31533
0.955028
3.31533
0.955028
1.41422
2.95792
1.67781
2.68773
1.95662
2.39082
2.22506
2.09538
2.45962
1.82828
2.64683
1.60648
2.785
1.4346
2.88069
1.30818
2.94377
1.21858
2.98402
1.15656
3.00941
1.11419
3.02583
1.08532
3.03732
1.06548
3.04649
1.05157
3.05495
1.04146
3.06361
1.03376
3.07293
1.02755
3.08311
1.02224
3.09415
1.01748
3.10597
1.01304
3.11841
1.00881
3.13133
1.0047
3.14453
1.00071
3.15786
0.996818
3.17115
0.993038
3.18425
0.989384
3.19704
0.985875
3.20938
0.982529
3.22118
0.979365
3.23233
0.976401
3.24275
0.973653
3.25236
0.971136
3.26109
0.968862
3.26888
0.966845
3.27566
0.965094
3.2814
0.963619
3.28604
0.962429
3.28955
0.961529
3.29191
0.960927
3.2931
0.960625
3.2931
0.960625
1.52857
2.79979
1.79481
2.52094
2.06312
2.23001
2.30914
1.95438
2.51485
1.71551
2.67321
1.52362
2.78704
1.37836
2.86459
1.27308
2.91549
1.199
2.94832
1.14779
2.96976
1.11262
2.98457
1.08839
2.99594
1.07142
3.0059
1.05919
3.01564
1.04999
3.02583
1.04269
3.03677
1.03657
3.04856
1.03116
3.06114
1.02618
3.0744
1.02147
3.08817
1.01694
3.1023
1.01253
3.11661
1.00823
3.13094
1.00406
3.14513
1.00001
3.15905
0.996115
3.17256
0.992381
3.18555
0.988831
3.19793
0.985484
3.2096
0.982355
3.22047
0.979461
3.23048
0.976814
3.23955
0.974428
3.24763
0.972314
3.25467
0.970481
3.26061
0.968938
3.26541
0.967695
3.26905
0.966756
3.27149
0.966127
3.27271
0.965811
3.27271
0.965811
1.63878
2.6443
1.901
2.36448
2.15319
2.08635
2.3744
1.83413
2.55246
1.62327
2.68561
1.45834
2.77948
1.3357
2.84289
1.24771
2.8847
1.18601
2.91232
1.14325
2.93126
1.11364
2.94537
1.09291
2.95714
1.07806
2.96815
1.06703
2.97929
1.05842
2.99102
1.05133
3.00354
1.04518
3.01685
1.0396
3.03087
1.03437
3.04547
1.02937
3.06048
1.02453
3.07574
1.01982
3.09106
1.01523
3.10631
1.01079
3.12132
1.00649
3.13598
1.00236
3.15016
0.99841
3.16375
0.994668
3.17665
0.991148
3.18879
0.987865
3.20008
0.984834
3.21045
0.982066
3.21984
0.979575
3.22819
0.97737
3.23546
0.97546
3.24158
0.973855
3.24654
0.972561
3.25029
0.971585
3.2528
0.970932
3.25406
0.970604
3.25406
0.970604
